-0.400062561035156
0.800010681152344
0.800010681152344
1.30004119873047
0.883056640625
-0.001708984375
-0.001708984375
0.366943359375
1.251708984375
1.251708984375
0.863244914120081
0.340800083716597
0.553666316044977
0.552848296591081
0.340484898161703
0.861774812912674
-0.333389635386302
-0.17067764480965
-0.333153639947581
0.619451458120879
0.992296700115811
-0.204597896358537
0.108025232500981
1.36039828056762
0.832282839004397
1.05100947610796
1.36018146484893
1.50179434274973
1.28872985424538
0.990590637829785
1.28891314558716
0.832929741077731
0.108711968583578
0.620128486008389
0.83396434514288
0.669061607802383
0.746308131570733
0.616126014628173
0.630588431109601
0.889635192325913
0.288536204375497
0.414553913933202
0.126861555038665
0.745007815876831
0.667546267736742
0.832490950548617
0.126767463440696
0.41378866012352
0.2886288869123
0.888390557459411
0.629232394476876
0.615775978424038
-0.383525138078078
-0.383547636709595
-0.383467001642305
-0.1271804778816
-0.301805457598568
-0.198423550110024
-0.197724618185833
-0.301517894396732
-0.126977337281924
0.0561069722552721
0.319403092255703
0.0560100533659979
0.763871947195617
0.870475530283742
0.279350541086335
0.547975381951269
1.14053144673808
0.854231313174828
0.972670919055787
-0.347036802024251
-0.288790625257431
0.229285408196031
-0.0785232775895943
0.0516540749585946
-0.16838426630169
0.0255180293780059
1.34102264831634
1.2008510481029
1.25232553616896
1.07827227297629
1.15106299456177
1.3415939809985
0.741207275093519
0.935296754073851
0.588708415070166
0.725195443369418
0.352132026902548
0.461699191647402
1.33997720812083
1.42845713924318
1.4446247660091
1.47163802936075
1.34157307366923
1.47168403232167
1.44490067275225
0.989976847917253
0.868992395457155
1.13518467912531
1.08332599742443
1.13850960836016
1.1731973555267
1.33895993715435
0.99165784160026
1.33922064726422
1.17524047569375
1.08503133862753
1.13525815692498
1.43641778490821
1.43624409052535
1.32667108766417
1.20084931980426
0.589139093712237
0.935358126342572
1.15112098551794
1.07845502144546
-0.288800889878789
0.0263282803400198
-0.16773117949455
-0.07825281521444
0.229494946813464
0.762152413194101
0.97258186040223
0.852763311283734
0.547618478598713
0.280233192124311
0.726198763590618
0.462774486668016
0.353385055231685
0.823378445119627
0.778296102040088
0.799906977789216
0.759351914483841
0.765581724438853
0.847978360125689
0.662384817073581
0.701764488892864
0.59870139896747
0.760782286397895
0.759916402553343
0.897900720169958
0.489309951121446
0.621329582475858
0.473817893596144
0.877593124021522
0.758111718456714
0.757445001561477
0.148459757417192
0.195211393310835
0.0562339401926398
0.475021400803926
0.337807059006502
0.426438981178303
0.223314537806783
0.270723547843784
0.370476471410795
0.549835435933969
0.645934439324404
0.513951459491754
0.79852011638916
0.776553144687206
0.821948868729669
0.597387030271872
0.700180764174874
0.661267623618905
0.846498125421491
0.763858902175789
0.757656074258739
0.0562993084542005
0.195388053798332
0.149009412516596
0.369818949780046
0.270461278160232
0.223097039306114
0.426038757381272
0.33743733664633
0.474118336910646
0.896970211611375
0.758648408625988
0.760557064581484
0.755812767397067
0.756613710860443
0.876186215879483
0.473454542117297
0.620132293375017
0.488328829446286
0.644483991848531
0.548632868285757
0.512847545551091
-0.385641462785848
-0.394267212963933
-0.385630652391813
-0.371444660103762
-0.391592307512348
-0.367695150870381
-0.367580941381974
-0.39154270203171
-0.371296833674007
-0.0699120549270248
-0.177206862301754
-0.100525752836256
-0.249016408505711
-0.225627393111635
-0.160013349040699
-0.276518124181165
-0.264150210655445
-0.329367691941036
-0.0995827034983482
-0.176358758885172
-0.0696599990463067
-0.329045782916439
-0.263576268220196
-0.276082331255352
-0.159903550686841
-0.2251220543529
-0.248848935479202
-0.354160824273408
-0.354267457386475
-0.313808138724013
-0.007818934318851
0.194245637485658
0.0817294031665252
-0.0480089640714168
-0.0673688847206963
0.614704352514581
0.324441634761792
0.466847012063016
0.466981380490736
0.324619898136403
-0.00790497030232995
-0.0673740335252491
-0.0480424967037397
0.0815791257254254
0.19407153638548
0.0477777268948759
0.18040484802277
0.180336966710675
0.805181446605278
0.833153358982117
0.652398727549343
0.743282832722259
0.925312205734514
0.833710740740863
0.880066823512149
0.134208641109597
0.270734761575491
0.57695705507932
0.416089966403088
0.443664942061659
0.408509942620672
0.538446245280987
1.21097979260256
1.07145096117456
1.13263201180161
0.938746282117305
1.00434578635815
1.06576924252459
0.79863093110955
0.91320750328577
0.745443838482254
0.802617330117955
0.666407797538509
0.699219089254266
-0.375873051587989
-0.367286405337275
-0.250821943566175
-0.323433917393255
-0.2904756646294
-0.349990881992731
-0.317660091461136
0.301689952384762
0.133412297374063
0.211268317987498
0.00669261473892351
0.0656251965141101
0.1648147819276
-0.0888306278554913
-0.0184703714564634
-0.148348863759213
-0.101495465793068
0.00825527661596313
-0.265840866347896
-0.193318314833444
0.0604857197275282
-0.080191172616224
-0.0427250486295595
-0.237739700849088
-0.197763037117134
-0.128803257133977
1.3273822545134
1.29285610854174
1.40513363945537
1.28265826153349
1.28802808416632
1.35344454283724
1.16758168204539
1.22384493158933
1.12199574911814
1.18503909982014
1.22473966419202
1.31291709873608
1.00228543142534
1.11840954068382
0.958072110183188
1.35693397077373
1.25324805570898
1.27207696712461
0.564172646053408
0.660610775484136
0.480050247304177
0.989948172279903
0.833466274061381
0.906296600756234
0.707438168328362
0.768187228044302
0.883588030489124
1.0816815462994
1.1776867954011
1.04275484787856
1.02918187600307
0.67072388629803
0.854706454928874
0.908660372162432
0.779559891757546
0.147040983247508
0.224416255168519
0.179133727723205
0.308809428489265
0.485990640929872
0.406112641038753
0.649082502205851
0.523082073850408
0.339489057644074
0.278687664560037
0.592012319200114
0.536843442340357
0.404205503923481
1.32630117446793
1.3571380930939
1.41152447398669
1.38737679321604
1.35294619431661
1.3875862488404
1.41169694781708
1.37222050337231
1.40642121865598
1.31286479906173
1.49828698245
1.46784850771802
1.48754953021743
1.35685417232518
1.42328558151214
1.42449551110596
1.40653849837838
1.37256885767579
1.42459752279635
1.4233476099294
1.48768075449034
1.46795230919495
1.49832632380155
1.45766133953092
1.45762201990469
1.48753426775104
0.868246058607506
0.831722815316529
0.940598891231331
0.905323785628823
0.923736355709935
0.931884343171214
1.0074434736677
1.02638748172878
1.01622365773091
1.19070578560834
1.11515309017881
1.22361207092402
0.997607464275438
0.971931495241863
1.2088267616626
1.25115607117914
1.31982495472527
1.08943290877489
1.17246939308778
1.06390422302791
1.32794687486176
1.26099054877514
1.24013143229974
1.08102683369621
1.04104601356067
1.1426852854878
0.86973033413616
1.00916190788194
0.933462918438441
0.90687415765242
0.942191606789044
1.32010200039381
1.25341823036189
1.24220555479697
1.26322554986192
1.32816831685434
1.17455291582547
1.09132705982036
1.01741999181225
1.02637954863508
0.973514365999559
0.999078797363978
1.22375009297628
1.11667766612751
1.19253217661682
1.04278482955829
1.08287790498295
1.14459132659163
1.40126445772883
1.48054514067806
1.45435492010781
1.40037647090614
1.37168288080323
1.40080845650194
1.37151129530525
1.40009302230222
1.45405810345556
1.48044719099145
1.14173277042189
1.31733804494918
1.23977732092945
1.23973205844184
1.31723745002525
1.39309149273556
1.44826694542514
1.39302672960035
1.29262836663281
1.12185069728318
1.2240134858403
1.28754664022095
1.28227088811937
0.480210665880796
0.660626915844233
0.883968913637628
0.768412724894122
0.708029350619897
0.833372498149278
0.989786468164523
1.2247331337914
1.18480383835993
1.2718330526765
1.25315010763139
0.958571615671879
1.11864383790029
1.00267547678936
1.17762910549323
1.08166651816006
1.04289567424738
-0.367470978427797
-0.317597701538065
-0.350083080221714
-0.323579447689295
-0.25092470312289
0.00892763586243253
-0.100248752859127
-0.0416552256342649
-0.0789719413331932
0.0612956397170392
-0.192559559445004
-0.265500596541342
0.133543012019812
0.301636591723992
-0.148390383825406
-0.0184284895546404
0.165283553728378
0.0660981712897657
0.00749827669339478
-0.197654611475998
-0.237500337377189
-0.128319511255421
0.803143736582576
0.878024375438914
0.831689217796067
0.741458040903151
0.65095896633865
1.13217112783367
1.06941045874525
0.744890276348208
0.911882912668311
0.79895831836783
1.00229320508515
0.93668701883107
0.271565396110616
0.134955224924428
0.537640497713307
0.408530571298899
0.444532515733732
0.416670682924844
0.577073215086258
0.665234718707668
0.801011941261406
0.69834556210103
1.02923297212481
0.78046976271981
0.909241038466446
0.855212974819492
0.671636439275543
0.406608704107611
0.279611704509
0.340184305287798
0.523886732548692
0.650050832394921
0.147943791857328
0.487117726385659
0.309915993129932
0.180193097841465
0.225483649218844
0.538099731632508
0.593217764663175
0.405448264318889
