         x          y
0.40000000 0.00000000
0.39508698 0.06250000
0.37996705 0.12500000
0.37500000 0.13919397
0.35333231 0.18750000
0.31250000 0.24968722
0.31224983 0.25000000
0.25000000 0.31224986
0.24968727 0.31250000
0.18750000 0.35333234
0.13919396 0.37500000
0.12500000 0.37996706
0.06250000 0.39508701
0.00000000 0.39999996
-0.06250000 0.39508696
-0.12500000 0.37996707
-0.13919405 0.37500000
-0.18750000 0.35333229
-0.24968722 0.31250000
-0.25000000 0.31224984
-0.31224988 0.25000000
-0.31250000 0.24968726
-0.35333230 0.18750000
-0.37500000 0.13919403
-0.37996709 0.12500000
-0.39508697 0.06250000
-0.39999995 0.00000000
-0.39508697 -0.06250000
-0.37996709 -0.12500000
-0.37500000 -0.13919403
-0.35333230 -0.18750000
-0.31250000 -0.24968726
-0.31224988 -0.25000000
-0.25000000 -0.31224984
-0.24968722 -0.31250000
-0.18750000 -0.35333229
-0.13919405 -0.37500000
-0.12500000 -0.37996707
-0.06250000 -0.39508696
0.00000000 -0.39999996
0.06250000 -0.39508701
0.12500000 -0.37996706
0.13919396 -0.37500000
0.18750000 -0.35333234
0.24968727 -0.31250000
0.25000000 -0.31224986
0.31224983 -0.25000000
0.31250000 -0.24968722
0.35333231 -0.18750000
0.37500000 -0.13919397
0.37996705 -0.12500000
0.39508698 -0.06250000
