18.0001831054688
8.0078125
8.0078125
-8.0078125
8.0078125
-8.0078125
-8.0078125
-18.0001831054688
15.6337890625
9.34375
15.6308931742043
0.00126528933300767
0.00126496221070266
9.34311987773216
15.6308959141266
0.00127601040430816
0.00127081721277722
9.34312102763776
0.00127057193555285
0.00127609224938729
-15.6283506552664
-9.34057177984353
-15.6283505720276
-9.34057696857334
-15.6283527280652
-9.34057727701964
17.6260635420107
16.3133350385801
17.6260632346119
8.9630650468683
13.2356705606645
11.9419612321035
11.9419565813264
13.2356695337947
8.96306462572285
-4.41144971088932
0.16067859096464
-4.41144981164475
4.75055122616685
4.413978599702
4.41397765976215
4.75055135762341
16.3133309892592
17.6260630347396
8.96306726226385
13.2356673778621
11.9419656290335
13.2356704912184
8.96307385214561
-4.41143947264334
0.160687789894595
-4.41144138360711
4.75055711383472
4.41398904253252
4.41398050793344
4.75055386099975
16.3133358393265
8.96307445868105
13.2356707468325
13.2356686603459
8.96306828994479
-4.41144179031991
0.160687827300528
-4.41143977860065
4.75055453223374
4.41397964619132
4.41398912073019
4.7505576536122
-17.6235248736879
-16.3107873681441
-17.6235248709885
-8.96052516808248
-13.2331229980327
-11.9394180976044
-11.9394178296158
-13.233122910203
-8.96052490709322
-0.158138383639723
-4.74800701166553
-4.74800710338333
-16.310788377929
-17.6235250199832
-8.96052736484632
-13.2331249297269
-11.9394244543948
-13.2331271953684
-8.96053340370451
-0.158146667085094
-4.74801512041558
-4.74801245177873
-16.3107884103109
-8.96053353877233
-13.2331272847538
-13.2331251069418
-8.96052776090338
-0.158147483674403
-4.74801293612758
-4.7480155130466
17.9518913485978
17.7475859348747
17.9518910899899
16.1506257357343
17.1776849075177
16.8633092302336
16.8633046270704
17.1776898556735
16.150623374307
8.51996755821208
10.6729667633319
9.86412790750858
11.4334374482349
11.1777897701006
9.24686051609466
13.9323912403034
12.7646040954836
14.6531078164421
9.86412679857519
10.672966958326
8.51996824104231
14.6531091275252
12.7646087211634
13.9323783168783
9.2468595952195
11.1777908798249
11.4334363849591
14.9816899610009
14.9816994845358
13.3830213240217
-6.40204941112572
-4.31726784107411
-6.40204944577657
0.115060557827583
-2.14401483101384
-2.24256110584791
-2.24256130504858
-2.14401489800141
0.115060420830349
6.68573580160816
6.4045708841905
7.08705687879873
6.94628906316509
2.24509080529601
4.6000700094804
2.38130249166473
6.4045692089346
6.68573561219263
2.38130232966439
4.60006990734141
2.24509027025316
6.94628964646213
7.08705721251918
2.47111919832304
2.47111922533846
4.80634062319114
17.7475852436517
17.9518909775467
16.1506240314439
17.1776884033571
16.8633050421524
17.1776885526912
16.1506253738277
8.5199688571833
10.6729675845811
11.4334399095059
11.1777876907895
9.24685794889256
12.7646082208043
14.653110252552
9.8641364702448
10.6729756723618
8.51997807810127
14.6531140669996
12.7646147185953
13.9323848846187
9.24686126633756
11.1777926945881
11.4334415144675
14.9816908030145
14.9816895694376
13.383018108887
-6.40203845417005
-4.31725787836245
-6.40203917370663
0.115070897349748
-2.14400496059102
-2.24255091873367
-2.24255438403525
-2.14400612901827
0.115068181746757
6.68574646371769
6.40458118815891
7.08706175233985
6.94629664122012
2.24510162518557
4.60008094210933
2.38131324874269
6.40457132839151
6.68573858248909
2.38130877252702
4.60007471368377
2.24509470003723
6.94629168357299
7.08706006922479
2.4711257279956
2.47112725983597
4.80634195392553
17.74758574784
16.1506246954549
17.1776896854205
17.1776845879305
16.1506257144984
8.51997829302801
10.6729762007114
11.4334424957595
11.1777934077374
9.24686205301674
12.7646149655228
14.6531131614935
10.6729679179367
8.51996838927982
14.6531080359627
12.764603842052
9.2468596564469
11.1777872942146
11.4334419540737
14.9817013245558
14.9816930345976
13.3830216657903
-6.40203960431682
-4.31725824924449
-6.40203885012942
0.115068127032765
-2.14400638226234
-2.24255469655558
-2.24255103205328
-2.14400514684751
0.115070979633048
6.68573864369914
6.40456965907095
7.08706118601198
6.94629283380408
2.24509431578461
4.60007494384561
2.38130890397342
6.40458119409427
6.6857467143433
2.38131354218949
4.60008127441014
2.24510177597577
6.94629720815412
7.08706253540655
2.47112761412361
2.47112605526775
4.80634262168561
-17.9493604310917
-17.7450507319068
-17.9493604342132
-16.1480812715281
-17.175148570026
-16.8607630851717
-16.8607630534994
-17.1751485609085
-16.1480812304962
-8.51743409482131
-10.6704288926821
-9.8615939866552
-11.4308939176414
-11.1752448252768
-9.24431258337241
-13.9298381987635
-12.7620675201805
-14.650567578386
-9.86159361485458
-10.6704286096259
-8.51743372694384
-14.6505674828398
-12.7620673412382
-13.929838038655
-9.2443124529621
-11.1752446544302
-11.4308938612828
-14.9791447815812
-14.9791448129306
-13.380471776123
4.31980404036402
-0.112520415991489
2.14655397787084
2.14655400136307
-0.112520385405195
-6.68319779251239
-7.08451272405503
-6.94374713826023
-4.59753094071296
-2.37876271885683
-6.68319810866776
-2.37876276898763
-4.5975311328461
-6.94374732643389
-7.08451278618297
-2.46857794813404
-2.46857792907645
-4.80379352476414
-17.7450507992992
-17.9493604314639
-16.1480817751362
-17.1751488266892
-16.860763862285
-17.1751490585917
-16.1480827998528
-8.51743480589532
-10.6704297515734
-11.4308974069567
-11.1752469828476
-9.24431628943835
-12.7620683629476
-14.6505682964506
-9.86160283682039
-10.67043663944
-8.51744396781049
-14.6505707850833
-12.7620728938068
-13.9298421909685
-9.24431921516928
-11.175251100747
-11.4308987643504
-14.9791471681005
-14.9791463458357
-13.3804748395265
4.31979426811799
-0.112529970953961
2.14654438396508
2.14654547129518
-0.112527421216633
-6.68320768045686
-7.08451946314488
-6.94375543347039
-4.59754041094951
-2.37877216600882
-6.68320010422998
-2.37876814538354
-4.59753473774843
-6.94375104591626
-7.08451806955223
-2.46858481339392
-2.46858604596259
-4.80380027306694
-17.7450507981103
-16.1480828154326
-17.175149065201
-17.1751488424159
-16.148081831748
-8.51744402206749
-10.6704366991705
-11.4308989498268
-11.1752512243682
-9.2443194441936
-12.7620729413201
-14.6505708141239
-10.6704300943602
-8.51743522802984
-14.6505684210374
-12.7620685894034
-9.24431664887288
-11.1752472773154
-11.4308976487918
-14.9791464327474
-14.9791472236626
-13.3804749709575
4.31979275650004
-0.112528016312531
2.14654447422305
2.14654336340073
-0.112530596636221
-6.68320054009296
-7.08451849403764
-6.94375147194201
-4.59753515226182
-2.37876858052471
-6.68320780016446
-2.37877255101929
-4.59754063332974
-6.94375567132251
-7.0845198255024
-2.46858664017346
-2.4685854266623
-4.80380078405171
17.9941203494071
17.9646984441888
17.9941202661961
17.7166755146763
17.8829512549629
17.8362039487093
17.8362035044342
17.882951247894
17.7166761288647
15.9384761542269
16.5585222597201
16.3056874543116
16.8023392684572
16.7226307992686
16.2732409117386
17.3026716981292
17.0608444203119
17.4460580653969
16.3056754699209
16.5585167814164
15.9384513318466
17.4460601722965
17.0608468865398
17.3026713501492
16.2732392406008
16.7226358400974
16.8023413090098
17.5165940202919
17.5165921689524
17.2152317359055
8.25980585791042
9.27256242883509
8.87252272869209
9.8676516979191
9.59433870795099
8.75951906991079
10.9037032601655
10.3111766922315
11.365138981721
10.416857541339
10.3598272770551
9.31816849228032
12.2337349566036
11.3363197731387
12.3774740089593
9.12740332612516
10.2487632236803
10.0832066121517
14.8277040774087
14.3416032718296
15.1974189177763
12.4010637186368
13.4026940838302
12.9614057718881
13.9970866825836
13.7450595846566
13.0399234337794
11.7343395200516
10.9584315710281
12.0212887102353
8.87252359588463
9.27256260022166
8.2598074325265
11.3651368489725
10.3111754232515
10.9037002127743
8.75951909317893
9.59433879804863
9.86765199616418
15.1973940953095
14.3415942862747
14.8276828135621
13.0399287350541
13.7450657665868
13.9970886466879
12.961399100517
13.4026910698283
12.401061469414
9.31816787396108
10.3598263641343
10.4168570890688
10.0832067335062
10.2487626509574
9.12740252004204
12.3774724671412
11.3363192063282
12.2337363795087
10.9584332138986
11.7343412840667
12.021292672381
15.4572637136986
15.7039853407163
15.6232984809798
14.8610549913286
14.1550006027292
15.4572705735401
14.1550069337371
14.8610598632545
15.6233056924727
15.7039905350699
11.4638344056387
13.3465473783242
12.4454614119764
12.4454625153572
13.3465507955668
14.2320677691252
15.021128017014
14.2320717650697
-7.27911336391045
-6.34151046341635
-7.27911337714317
-4.34160769297971
-5.36963278784115
-5.43419058839026
-5.43419065232008
-5.36963280899942
-4.3416077437567
0.0635582183810735
-1.06541728017457
-1.12687163210305
-0.997883426701297
-1.0213871215363
0.148906264203877
-3.34193837100262
-2.18232569201502
-3.27946928345644
-1.12687189395266
-1.06541745901669
0.0635579996272313
-3.27946937167706
-2.18232582379867
-3.34193851675747
0.148906197296895
-1.02138722826271
-0.997883462533652
-3.24340979129321
-3.24340976137039
-2.129117195226
7.44972059380248
7.28162835017984
7.82565100303694
7.64480408295299
5.43671725734643
6.53651373040546
5.54762411096523
8.22781257685664
8.18738667152341
5.86461824944522
7.03414690346206
5.92556637119788
8.10505162570438
7.9829813870138
1.12940089147097
2.31530039545791
1.19407771707484
4.50505768141725
3.42254638345021
3.34446807585984
3.56772176526174
3.50097679614111
4.68524495990078
5.66607834512364
6.82704751245434
5.77565407903667
7.28162626093739
7.44971925188064
5.54762346911981
6.53651279452903
5.43671597438634
7.64480364213246
7.8256512677839
1.19407745321327
2.31530008505602
1.12940047507984
4.6852450428901
3.50097665425364
3.56772174154137
3.34446737452858
3.42254601653396
4.5050572241957
8.1873873447289
8.22781283460032
7.98298208901985
8.10505247182541
5.92556663867929
7.0341474601305
5.864618582283
6.82704785399992
5.66607825377236
5.77565431136548
1.25129317982402
1.31946846374987
1.29576998339429
2.43478319689785
3.6160189586049
1.25129333716604
3.6160189394148
2.434783269961
1.29577006737478
1.31946849018485
7.10363767286143
4.79148009672152
5.95618135939167
5.95618125727653
4.79148000580933
3.64273515151118
2.48371471713101
3.64273514006081
17.9646980787661
17.9941202382882
17.716675154479
17.8829506668173
17.83620330824
17.8829505854147
17.7166750340661
15.9384521134449
16.5585170558818
16.8023394360013
16.7226351507366
16.2732378772108
17.0608463246599
17.4460590802469
16.3056767979211
16.558517988553
15.9384541217169
17.4460590443522
17.0608466003867
17.3026712985719
16.2732385577669
16.7226357295296
16.8023396346103
17.5165929124084
17.5165929259342
17.2152316491076
8.25980746433233
9.27256271516805
9.86765344814759
9.59433965412621
8.75952100073527
10.3111757125969
11.3651371383187
10.4168587173753
10.3598289791462
9.31816077909904
12.233731994389
11.3363159748927
12.3774687777737
9.12740354088527
10.2487607877269
10.0832069219262
14.3415948254777
15.1973949157345
12.4010616229512
13.4026912913981
13.9970888860054
13.7450659205018
13.0399269829418
11.7343411644036
10.9584328849047
12.0212905950608
8.87253354619976
9.27257226374176
8.25981752836153
11.3651458413662
10.3111848627225
10.9037096806878
8.75952903957
9.5943483256044
9.8676608219472
15.1973984259776
14.3416000806045
14.827687444114
13.039931803857
13.7450711804378
13.997092531799
12.9614072181081
13.4026981455597
12.4010696335823
9.31816244279096
10.3598314523924
10.416859522948
10.0832127426034
10.2487649354572
9.12740851785489
12.3774711695512
11.3363192712505
12.233736104279
10.9584395394663
11.7343485782787
12.0212964193011
15.4572675367118
15.7039825744439
15.6233003900085
14.8610587493936
14.1550028314171
15.4572650841428
14.1550006794084
14.8610562500988
15.6232989266217
15.7039820869877
11.463841401819
13.3465467516842
12.445460165972
12.4454593724404
13.3465452130409
14.2320668072824
15.0211230202677
14.2320660987761
-7.27910210164079
-6.34149962758837
-7.27910239686585
-4.34159744470322
-5.36962222951589
-5.4341800165159
-5.43418128078753
-5.36962264296905
-4.34159839084092
0.063568952830693
-1.06540690345323
-1.12686119846652
-0.997873800870443
-1.02137705281083
0.148916063554281
-3.34192826929853
-2.18231556588324
-3.27945920507475
-1.12686551188877
-1.06541004772573
0.0635649507536472
-3.27946079565069
-2.18231789814648
-3.34193092329982
0.148914694105966
-1.02137895765525
-0.997874437628202
-3.24340045792204
-3.24339992925887
-2.1291077706542
7.44973073095651
7.28163875051278
7.82566142158287
7.64481435999616
5.43672756579535
6.53652408414885
5.54763473419073
8.22781280735353
8.18738896389139
5.86462448152837
7.03415044198786
5.92556898309737
8.10505625950683
7.98299023935288
1.12941175250279
2.31531160495892
1.1940887769642
4.50506863225963
3.42255754104827
3.34447871845163
3.56773094905547
3.50098764540851
4.68525420565594
5.66608926441242
6.82705790042277
5.77566392645471
7.28162845045689
7.44972110130546
5.54762644189033
6.53651506564495
5.43671829870398
7.64480574767293
7.82565412309288
1.19408387898946
2.31530581695898
1.12940568425426
4.68524940784595
3.50098228131333
3.56772702751231
3.34447096808359
3.42255088831662
4.50506114541154
8.18738645136912
8.22781195894911
7.98298445413247
8.10505209514859
5.92556648757033
7.03414710173808
5.8646203674858
6.82705140433593
5.66608219069081
5.77565826963895
1.2513003474707
1.31947670916163
1.29577764215849
2.43478969654574
3.61602327527404
1.25130392450466
3.61602565051935
2.43479272771984
1.29577981880446
1.31947743947264
7.10364614755128
4.79148116643484
5.95618259387362
5.95618342215403
4.79148279712382
3.64273917056032
2.48372175445952
3.64273996760122
17.9646984070125
17.7166758914805
17.8829511123046
17.8829512007763
17.7166753977049
15.9384532229193
16.5585174902826
16.8023414613188
16.7226361833759
16.2732403001742
17.0608469090182
17.4460599335067
16.5585220359151
15.9384760370278
17.4460578625018
17.0608441670634
16.2732412907558
16.7226305637539
16.8023392221572
17.5165918988302
17.5165937366439
17.2152314826497
8.25981759593349
9.27257243678556
9.86766143428497
9.59434872499809
8.75952945448967
10.3111851311261
11.3651461530863
10.4168606074702
10.3598322993802
9.31816333853426
12.2337366216402
11.3363200172505
12.3774719114804
9.12740924134873
10.248765713191
10.083213478769
14.3415996826696
15.1973976421997
12.4010698727242
13.4026981450165
13.9970921192833
13.7450708979507
13.0399319309961
11.7343490886126
10.9584402249918
12.0212969570361
9.27256271682534
8.25980595728829
11.3651395827873
10.3111772499804
8.75952139238689
9.59433996342258
9.86765376224028
15.1974189544234
14.3416034130977
13.0399218088063
13.7450594560845
13.9970865093854
13.4026943048566
12.4010641113158
9.31816229316165
10.3598307390547
10.4168602541678
10.0832075367373
10.2487621381835
9.1274050704622
12.3774710615211
11.3363172877033
12.233731088845
10.9584319275596
11.7343399107223
12.0212871706502
15.4572707870606
15.7039921259329
15.6233065174501
14.8610606356749
14.1550075984277
15.457266379788
14.1550034194284
14.861058263044
15.6233007693441
15.7039874190354
11.4638430043039
13.3465500080388
12.4454621156318
12.4454618057825
13.3465481294395
14.2320736603608
15.0211307435277
14.2320703729226
-7.27910280991129
-6.34150003870466
-7.27910250145361
-4.34159878440969
-5.36962305632179
-5.43418171189538
-5.43418038369394
-5.36962262171032
-4.34159778749505
0.0635648205227204
-1.06541025426703
-1.12686578006698
-0.997874559819426
-1.02137911924335
0.148914692350933
-3.34193128751016
-2.18231818067699
-3.27946114393558
-1.12686120479508
-1.06540693115237
0.063569041353457
-3.27945946513904
-2.18231571663015
-3.34192848775404
0.14891612870633
-1.02137710767239
-0.997873887229268
-3.2434002241803
-3.24340078276628
-2.1291079914608
7.44971982753528
7.28162636704739
7.82565479797329
7.64480552927982
5.43671704692068
6.53651422610638
5.54762594285261
8.22781314504396
8.18738789901337
5.86462126583958
7.03414833378591
5.9255674170793
8.1050536247894
7.98298573084131
1.12940540577473
2.31530573818032
1.19408379573625
4.50506088682522
3.42255075611764
3.34447039259348
3.56772741890528
3.50098247614274
4.68524994045413
5.66608239556393
6.82705217078804
5.77565894764682
7.28163875634572
7.44973079910821
5.54763487699842
6.53652418048668
5.43672759697222
7.64481458242359
7.82566183171633
1.1940889575726
2.31531183658214
1.12941189041435
4.68525465527481
3.50098798212537
3.56773136416882
3.34447884429277
3.42255777576554
4.50506883089484
8.18738973833014
8.22781373570471
7.98299081405568
8.10505694302657
5.92556964512494
7.03415111736721
5.86462504704431
6.82705832532937
5.66608956063676
5.7756643721338
1.25130412911292
1.31947764298152
1.2957800309082
2.43479306121289
3.61602612037902
1.2513003947371
3.6160237643238
2.43478995697578
1.2957777702819
1.31947688623542
7.10364708443444
4.79148340709431
5.9561841794582
5.9561834532929
4.79148186731755
3.6427404731128
2.483722108835
3.6427396875223
-17.9915907129564
-17.9621702904505
-17.9915907138889
-17.714139859738
-17.8804189980025
-17.833668585851
-17.8336685886039
-17.8804189995646
-17.714139859763
-15.9359101056721
-16.5559758571204
-16.3031337155696
-16.7997979182494
-16.720093717676
-16.2706946322447
-17.3001307719576
-17.0583061369647
-17.4435208362714
-16.3031336610206
-16.5559758188638
-15.9359100435486
-17.443520829446
-17.0583061173089
-17.3001307577636
-16.2706946120558
-16.7200936954439
-16.7997979110331
-17.514055493584
-17.5140554954672
-17.2126919797507
-8.25727890528876
-9.2700319781877
-8.86999877845029
-9.8651135318318
-9.5918030192638
-8.75698155584334
-10.9011632383731
-10.3086400178324
-11.3625992068324
-10.4143121723278
-10.3572837818394
-9.31561444789162
-12.2311885956488
-11.3337715895172
-12.3749235321238
-9.12485956294545
-10.246216881174
-10.0806647534325
-14.8251420171176
-14.3390542992357
-15.194852972808
-12.3985226321772
-13.4001515064276
-12.9588597678439
-13.9945453940724
-13.7425245370412
-13.0373846233612
-11.7318012695812
-10.9558919096903
-12.0187488422364
-8.86999837920816
-9.27003160506043
-8.25727851249985
-11.3625989275491
-10.3086396857875
-10.9011629141953
-8.75698123513024
-9.5918026872902
-9.86511325387383
-15.194852881337
-14.3390541715136
-14.8251418996193
-13.0373844902491
-13.7425244036713
-13.9945452996295
-12.9588595566168
-13.4001513341715
-12.3985224080278
-9.31561438271095
-10.3572836889148
-10.4143121413345
-10.0806645358159
-10.2462167259388
-9.12485936686705
-12.3749234568331
-11.3337714762258
-12.2311884691173
-10.9558916814175
-11.7318010393894
-12.0187486636812
-15.4547221576669
-15.7014375927979
-15.6207550977614
-14.8585124926801
-14.152456080654
-15.454722222752
-14.152456136702
-14.858512555817
-15.6207551365099
-15.7014376056099
-11.461294819313
-13.3439998180217
-12.4429132988197
-12.4429133237053
-13.3439998614964
-14.2295204611777
-15.0185774935631
-14.2295204797713
6.34403695404117
4.34414478392133
5.37216612786438
5.37216612849259
4.34414480038228
-0.061018362755084
1.06795672405663
1.00042267618319
1.02392652684555
-0.146366027077975
2.1848652197421
3.2820081559573
1.0679568071204
-0.0610183020980622
3.28200820229851
2.18486529412968
-0.146366017586637
1.02392656197096
1.00042268437052
3.24594792941857
3.24594792124036
2.1316561080638
-7.44718866608551
-7.82311277946725
-7.64226754334265
-6.53397763057939
-5.54508608961291
-8.22526454857238
-8.1848404732333
-5.86207496400717
-7.03160137317325
-5.92301934249112
-8.10250720593341
-7.98044107044543
-2.31276160795701
-1.19153833671386
-4.50251899862041
-3.42000752178647
-3.56518054458746
-3.49843763803173
-4.6827043704964
-5.66353964825405
-6.82450844235252
-5.77311410280003
-7.4471890528238
-5.54508641037192
-6.53397799610688
-7.64226789369939
-7.8231130745507
-1.19153833125357
-2.31276168244754
-4.68270450949267
-3.49843775630974
-3.56518062644367
-3.42000768643999
-4.50251924885325
-8.18484057106565
-8.2252645813251
-7.98044130065061
-8.10250736956043
-5.92301942598529
-7.03160149751587
-5.86207510373353
-6.82450869614749
-5.66353990995884
-5.77311430219814
-1.24875413579543
-1.31692851818298
-1.29323033875552
-2.43224301722535
-3.61347618487786
-1.24875413840114
-3.61347613536578
-2.43224298289948
-1.2932303354543
-1.31692851562432
-7.10109832438578
-4.78893372793907
-5.95363489730069
-5.95363486959411
-4.78893368210413
-3.64019101020022
-2.48117309362642
-3.64019099328653
-17.9621702958128
-17.9915907111996
-17.7141399035804
-17.880419014628
-17.833668621212
-17.880419020684
-17.7141399622821
-15.9359103393185
-16.5559760420764
-16.7997984741575
-16.7200940958662
-16.2706953885471
-17.0583062718261
-17.4435209214684
-16.3031350552788
-16.5559769909784
-15.935911915185
-17.4435211285088
-17.0583067670031
-17.300131155542
-16.2706958910529
-16.720094640913
-16.7997986511595
-17.5140557076924
-17.5140556443009
-17.2126923501859
-8.25727898389982
-9.27003214467269
-9.86511503048986
-9.59180382711206
-8.75698299641647
-10.3086402463453
-11.3625994805663
-10.4143165016047
-10.3572874000551
-9.31561888220217
-12.2311906603455
-11.3337744079232
-12.3749262109482
-9.12486252344197
-10.2462197954365
-10.0806669576571
-14.3390545953919
-15.1948532441302
-12.3985229292147
-13.4001518115554
-13.9945466672316
-13.74252532997
-13.037386007894
-11.7318021362759
-10.9558934133279
-12.0187503050653
-8.87000872966707
-9.27004151722822
-8.25728946267277
-11.3626063626688
-10.3086484074008
-10.9011708554402
-8.75699063522134
-9.59181189587149
-9.86512162834444
-15.1948556167075
-14.33905792367
-14.8251449804056
-13.0373894116841
-13.7425287800677
-13.994549129274
-12.9588649023269
-13.40015623187
-12.3985285482427
-9.31562034030474
-10.3572895341328
-10.4143172112505
-10.0806720416871
-10.2462233832887
-9.12486697606384
-12.3749281024353
-11.3337771361748
-12.2311938239692
-10.9558989313778
-11.731807828997
-12.0187547431648
-15.4547245160787
-15.7014392143928
-15.6207570800215
-14.8585153324063
-14.1524593638037
-15.4547228417658
-14.1524578902164
-14.8585136819069
-15.6207560862816
-15.7014388853844
-11.4612989982612
-13.3440034798599
-12.4429172595473
-12.4429166315954
-13.3440023499469
-14.2295232147559
-15.0185794443688
-14.2295227239587
6.34402672359728
4.34413466741706
5.37215594880478
5.37215626937191
4.34413550941697
-0.0610286256694841
1.06794645452188
1.00041371427801
1.0239169623173
-0.14637491290952
2.18485501836424
3.28199802734295
1.06794971564687
-0.0610245487601242
3.28199958385746
2.1848574101518
-0.146373710241269
1.02391875871317
1.00041428199689
3.24593873005685
3.24593825663938
2.1316470338811
-7.44719953190097
-7.82312208434341
-7.642277686237
-6.53398817155296
-5.54509628733542
-8.22527053949596
-8.18484723412948
-5.86208314110876
-7.0316088703567
-5.92302678224063
-8.10251477870142
-7.98044949688237
-2.31277158384656
-1.19154846247339
-4.50252896157547
-3.42001741844128
-3.56518931565791
-3.4984470544403
-4.68271318385766
-5.66354927951136
-6.82451755269954
-5.77312303182508
-7.44718960625568
-5.5450882354956
-6.53397912462843
-7.64226920166433
-7.82311519693315
-1.19154368344337
-2.31276610703337
-4.68270902558752
-3.49844224226895
-3.56518599727429
-3.42001119104427
-4.50252187091948
-8.18484506106319
-8.22526982432711
-7.98044423803665
-8.10251110216913
-5.92302474394386
-7.03160601550086
-5.86207962960886
-6.82451156740388
-5.66354267451202
-5.7731179797461
-1.24876035765447
-1.31693609219143
-1.29323728392832
-2.4322491967968
-3.61348231209414
-1.24876363922578
-3.61348422343927
-2.43225176278726
-1.29323915460515
-1.31693669385901
-7.101104331679
-4.78893980431226
-5.95364093270608
-5.95364159753418
-4.78894109608307
-3.6401978064885
-2.48118058374287
-3.64019842715596
-17.9621702935106
-17.7141399620004
-17.8804190187502
-17.8804190111322
-17.7141399032738
-15.9359119236798
-16.5559769966316
-16.7997986673818
-16.7200946515051
-16.2706959143397
-17.0583067707051
-17.4435211302544
-16.5559760859861
-15.9359104099368
-17.4435209300393
-17.0583062951841
-16.2706954320225
-16.7200941286902
-16.7997984975961
-17.5140556487854
-17.5140557102936
-17.2126923604359
-8.25728948613684
-9.27004154456005
-9.86512172307408
-9.59181195482154
-8.7569907274389
-10.3086484367261
-11.3626063911568
-10.4143174560462
-10.3572897444832
-9.31562061239594
-12.2311939317888
-11.3337772914507
-12.3749282355931
-9.12486715806186
-10.2462235559066
-10.0806721748757
-14.3390579395565
-15.1948556283882
-12.3985285734498
-13.4001562525442
-13.9945491839521
-13.7425288181829
-13.0373894803854
-11.73180788437
-10.9558990227422
-12.0187548250246
-9.2700325451319
-8.25727940015282
-11.3625997883376
-10.3086406077156
-8.75698340934719
-9.59180421803599
-9.86511540317748
-15.194853347282
-14.3390547390003
-13.0373862097075
-13.7425255014552
-13.9945468163527
-13.4001520044857
-12.3985231785713
-9.31561921947406
-10.3572877033302
-10.4143167773937
-10.0806673084622
-10.2462201232897
-9.12486290151836
-12.3749264193969
-11.3337746764904
-12.2311908946965
-10.9558937329652
-11.7318024218409
-12.0187505654803
-15.4547229283618
-15.7014389408275
-15.6207561565419
-14.8585137870716
-14.152458017683
-15.4547245375896
-14.1524594352223
-14.858515374434
-15.6207571115333
-15.7014392570238
-11.4612992124226
-13.3440025036036
-12.4429168146097
-12.4429174176758
-13.344003590042
-14.2295228313103
-15.018579514744
-14.2295233035137
6.34402478909662
4.34413418273691
5.37215460283255
5.3721542816372
4.34413332427608
-0.0610249526157343
1.0679491944839
1.00041335786635
1.02391799152537
-0.14637446340277
2.18485669360631
3.2819985934564
1.06794585029509
-0.0610290901819602
3.28199699060073
2.18485422743123
-0.146375675562435
1.02391616000397
1.00041278196009
3.24593698469228
3.24593746628799
2.13164592229058
-7.44719003886395
-7.82311562094897
-7.64226963547115
-6.53397956451714
-5.54508866694352
-8.22527019422976
-8.1848454506499
-5.86208007739954
-7.03160644385932
-5.92302520911633
-8.10251150340423
-7.98044464944147
-2.31276646308574
-1.19154404599337
-4.50252227688086
-3.42001156776421
-3.56518647279557
-3.49844265580029
-4.68270946910367
-5.66354310095871
-6.82451199545388
-5.77311841087702
-7.44719957777101
-5.54509639802435
-6.53398824591417
-7.64227776968702
-7.82312221327585
-1.19154883048372
-2.31277186540839
-4.68271348837754
-3.4984473496936
-3.56518970932295
-3.4200176305077
-4.502529117304
-8.18484752588395
-8.22527087664601
-7.98044967808209
-8.10251501630943
-5.923027163919
-7.03160917437254
-5.86208344917303
-6.82451772695464
-5.66354944425323
-5.77312326355793
-1.24876413512738
-1.31693740024754
-1.2932397770695
-2.43225226121965
-3.61348471273118
-1.24876085095053
-3.61348285089812
-2.4322497295552
-1.29323790969404
-1.31693680113845
-7.10110473559317
-4.78894156385637
-5.9536420353109
-5.95364139818939
-4.78894031792056
-3.64019898324822
-2.48118122211882
-3.64019837949449
