-0.689217778813945
0.689217778813945
-0.924682682837637
0.924682682837637
-0.171848120414101
0.552838338282167
-0.552838338282167
0.171848120414101
-1.08500633055859
0.0875609907987673
-0.0878229575566562
1.08434244728687
1.01478017144615
0.718781690627977
0.492342487503418
-0.218264802547661
0.077733652007877
-0.36667829255236
0.343928902841305
0.47864351617288
0.923055555390539
1.14949478477774
-0.719365470290351
-1.01536392484589
-0.492926351637728
0.217680843755931
-0.0783176370622451
0.366094315150927
-0.344512974900147
-0.47922758823173
-0.923639445787489
-1.15007853817747
0.670559175941866
0.148121491999131
-0.43100507354562
-0.845613788121108
-0.937338293442149
-0.671143042608727
-0.148705469400567
0.430421088491253
0.845029923986796
0.93675451377977
0.869015708916568
0.792183028902107
0.619775057525726
0.948917345052223
0.906425827671993
1.09013007354927
0.33073672333376
0.6428462163866
0.438764646227553
0.292654849853788
0.42197656861396
-0.00827447713179044
0.143318043840064
-0.271921318104532
-0.0658598938118395
-0.413134029658308
0.213537378411163
0.548971015957205
-0.483938010934564
-0.144977337707575
0.115008828270962
-0.0106768580693059
-0.224002311902315
0.664168241921026
0.825256402984292
0.179277462175746
0.439953977893672
0.956803321753732
0.732134303727614
0.744786568631428
1.02179095470672
1.06483126159079
1.08975701651331
1.13603375997839
1.15439870745405
-0.439348005900222
-0.64342982423853
-0.33132011601039
-1.09071357907473
-0.9070094082781
-0.949500867520951
-0.620358450202359
-0.792766630252257
-0.869599051645971
0.412550576689412
0.0652761214086018
0.27133784819237
-0.143901782194633
0.00769102416289024
-0.422560038526119
-0.293238594710138
0.223418585773808
0.0100929707324571
-0.115592614691743
0.144393538261392
0.483354581529013
-0.549554505655025
-0.214121205404239
-0.745370058329249
-0.732718103173802
-0.957386731373612
-0.440537892777412
-0.179861248596525
-0.825839812604182
-0.664752041367213
-1.15498221297951
-1.13661733408272
-1.09034062436524
-1.06541460432019
-1.02237456255865
0.925911711991776
0.722925782451049
0.119429751705342
0.435017001721249
0.368670403096179
0.459346171165654
0.166518361776278
-0.109767005465148
-0.348907350540065
-0.920162836945043
-0.665416730380859
-0.722364425268805
-0.558085254143301
-0.71242496966791
-0.756184225652956
-0.686099904119964
-0.92649525424617
-0.839708090074998
-1.05348970158942
-0.551799424481687
-0.369254079277464
-0.120013477833852
0.177336543366821
0.109183535552991
0.153007461813083
-0.167101791181826
0.469516841653879
0.721780955356644
0.919579444268418
1.04816249214482
0.755600865980284
0.940831015907261
0.711841576991279
1.09443922910812
1.05290617912069
-0.459929833607425
-0.435600752053681
-0.723509417646991
0.557501515788737
0.664832985524511
0.348323578136828
0.551215674149261
0.839124454879059
0.685516241678197
-0.470100668646954
-0.15359126125927
-0.177920430703672
-1.09502280971424
-0.94141462375919
-1.04874609349497
0.778058828540888
0.756513287471188
0.663293118291468
0.91465285409059
0.841820594339593
0.949382778403864
0.561728109154939
0.711543758654217
0.650326446473045
1.03195737825543
1.03053351854342
1.0969803954924
0.821762690320313
0.936821506512428
0.842578383337652
1.06221259446358
1.01063268986885
0.971522587456758
0.246401091114399
0.398316891443439
0.296143784126845
0.57598700167715
0.490874517936148
0.414238277800778
0.582258735923776
0.547340170265098
0.690553512158264
0.724849311056348
0.857755352294597
0.782454528352645
0.521171427902687
0.572214536926124
0.395873236152699
0.463246574759053
0.254083655620836
0.359858303816348
0.186102643007855
0.090299500581595
0.162975038824547
-0.0379966842492451
0.0653778921077691
-0.113040363117286
0.242577338688217
0.321533792969721
-0.428623294398815
-0.338755089355554
-0.493646303566275
0.00763501983925095
-0.16990506843942
-0.099996996485422
-0.319631183869382
-0.243716244077162
-0.142124864234866
0.114559199079656
0.22003401257601
0.0392583801132993
0.48389694174456
0.630690586213131
0.145801227872006
0.320531900621204
0.451603552542372
0.386911255772019
0.280482234517235
-0.526248808457099
-0.376029547993797
-0.257515807527319
-0.320051513484574
-0.429755654959534
-0.209231451743571
-0.0326663882063322
0.00476849630843351
-0.0538991763012464
-0.15133306703686
0.168869010716572
0.0555984907513939
0.230162338033165
-0.297116217362487
-0.121600926140495
-0.190661415249663
0.102323336638392
0.0346043433970938
-0.0784522751714639
0.696201898142905
0.757909355595512
0.510027777688729
0.610903373886154
0.881322058594609
0.755316357247921
0.803035863602934
0.0343617244450143
0.158405752577212
0.466573162138266
0.313183480906819
0.330122100088873
0.279590588974659
0.398414546797811
0.947644955341434
0.859223983221729
0.850019414095636
0.836869177964987
0.855747182568908
0.948447524550087
0.618688780553556
0.744927091139411
0.612019707391244
0.705051263851572
0.557723768383183
0.591994624630149
0.8646880715435
0.985204260829945
0.93307752293673
0.955950291052235
1.0316121690329
0.997387656423395
1.02771015662232
1.13360409873539
1.0899740083054
1.11646800641505
1.0335083482577
1.01903757519197
1.13870830956533
1.12657362362898
1.08848190401197
1.12476239122878
1.16217235651928
1.15835528316093
1.15664051935245
1.08979350677279
1.06645914074787
1.12406436301977
-0.296726202298788
-0.398899987422508
-0.24698351972318
-0.691137071952643
-0.547923560418238
-0.582842263420038
-0.414821868811427
-0.491457930427902
-0.576570610062408
-1.0975639426657
-1.03111688461849
-1.03254093349824
-0.972106127357568
-1.01121610006975
-1.06279610405782
-0.843161916673849
-0.93740492443198
-0.82234624328346
-0.663875546900248
-0.75709637650065
-0.778641238643319
-0.650910053245417
-0.71212716649879
-0.562311700165583
-0.949966282158159
-0.842403972126779
-0.915236399209764
-0.725432848990497
-0.783038043814954
-0.858338862781302
0.493063847769983
0.338171906679975
0.428040830533012
0.141541125258357
0.243132714595915
0.319047507336324
0.0994132962103937
0.169321531239493
-0.00821877187807385
-0.16355818703063
-0.0908819563778868
-0.322117471990264
-0.243160813942644
0.112456686584227
-0.0659613970509067
0.0374129539759533
-0.572797000791928
-0.52175458305838
-0.186686387956407
-0.360441821125344
-0.25466735589586
-0.463830054660698
-0.396456916786222
-0.115142902599815
-0.0398420786578615
-0.220617690467717
0.150749853472303
0.0533156210708436
-0.00535173706050038
0.190077598071864
0.121017222818526
0.296532440370488
-0.230746200547579
-0.0561822237619105
-0.169452879147102
0.375446373168456
0.525666365340984
0.0320826165038984
0.208647910429141
0.429171996025458
0.319467986924809
0.256932043114489
-0.631273056516765
-0.484480144089785
-0.281066057273037
-0.387494831911282
-0.452187296998862
-0.321115461826585
-0.146385006664726
-0.102907129252558
0.0778685032101486
-0.0351881045742899
-0.850601884399266
-0.859807158047073
-0.948227392019724
-0.612603523056756
-0.745510647387692
-0.619272525010045
-0.949031139302694
-0.856330694194763
-0.837452898414637
-0.158989335327502
-0.0349449651970841
-0.398998422318599
-0.280174341875984
-0.330705962603283
-0.313767233808227
-0.46715703765909
-0.758491792273805
-0.696785072968249
-0.803619584052613
-0.75589986887381
-0.881905673347227
-0.611486930134579
-0.510611593354256
-0.705635004375913
-0.592578417244318
-0.558307560997345
-1.12715717080228
-1.1392916686908
-1.15722405764034
-1.15893868871458
-1.16275586611352
-1.12534579678241
-1.08906544229984
-1.02829325260139
-0.99797006652582
-1.01962119663958
-1.03409176846829
-1.11705151016934
-1.09055739073978
-1.13418764546749
-0.865271167522564
-1.03219571576497
-0.956533673486679
-0.93366094314734
-0.98578788227757
-1.0903770172595
-1.12464787350648
-1.06704268365761
1.02136417149241
0.94408145874477
0.703892041243394
0.833585420101762
0.806796734748128
0.845610349259797
0.728290135604704
0.102867004510485
0.253509354121593
0.2176327147599
0.296245463010924
0.277876972950265
0.134794147857001
0.522448817105927
0.40815380863565
0.56057187062847
0.311864831644792
0.170784867114414
0.597080957442637
0.4561290130125
0.158822418085337
0.313827248169013
0.30835645546381
0.597012274699129
0.58474466025203
0.451838619013793
0.043566104169862
-0.068926278484496
-0.396365500131922
-0.232338980056343
-0.270896043785432
-0.179289345694482
-0.288729943902092
-0.931087223744575
-0.82809957872726
-0.840008677636255
-0.76369350681225
-0.803420902389994
-0.891135220690259
-0.583490876420532
-0.700032668854548
-0.553922977982484
-0.570656372195104
-0.631458246086334
-0.392858115184466
-0.488383457341152
-0.785131208807254
-0.644821325238487
-0.710264200244135
-0.45817682604394
-0.512297096001698
-0.617771883869609
-0.651607700525359
-0.630967702346763
-0.821881056830393
-0.73132546486284
-0.853191841360156
-0.589023745010678
-0.533156660467851
-1.02194773317305
-0.999409324968333
-1.08042378246006
-0.763665768926155
-0.891926984838285
-0.807380312265798
-1.00490020918733
-0.958306339989157
-0.89834677557138
-0.30883733065421
-0.21821590981811
-0.466302268190198
-0.390573157666566
-0.523032506841576
-0.466495522367824
-0.620345657907498
-0.625302208106686
-0.770475804907626
-0.702756811666331
-0.103450218075041
0.0346792538099731
0.0153931410713164
0.0262080964580659
-0.135377924849
0.182645964355387
0.332799226130966
-0.0441485680356678
-0.0236758433081656
-0.171367310230532
0.296290236044916
0.134670951674651
0.27031234351041
-0.159406077019415
-0.0097420019985254
0.00328220138343671
0.735497456934602
0.839426213770448
0.47824576429367
0.614389554697073
0.582907176145507
0.602364640472833
0.453847713895486
0.326597572951118
0.167002515125448
0.314329989940978
0.930504795135791
1.00811380266123
0.958372932496508
0.993376498505886
0.890551629679616
1.06929889326461
1.11241638386701
0.651025282353415
0.750670596129072
0.630875817477548
0.951351521068991
0.857649681751095
0.852608313863893
0.784547617796614
0.834776921354381
0.904943625928372
1.11911194865464
1.07984022721725
1.13545280287114
1.13768016347289
1.00431667585114
1.08463052911093
1.02781724664125
1.08202958860731
1.00457495760024
1.02790931864956
-0.312447947293508
-0.308940147628389
-0.314410707318873
-0.456712427171041
-0.597664543990916
-0.25409285017537
-0.561155553904864
-0.408737414490249
-0.278460608862277
-0.296829207940492
-0.944664844489495
-0.728873715321701
-0.846193791184849
-0.834168876960705
-0.704475664923526
-0.597595847818472
-0.45242225101753
-0.585328264808337
0.570073223989018
0.709680521223592
0.644237849984018
0.487799952398015
0.392274384911184
0.827516423571568
0.553339233033935
0.699449151545538
0.802837422488292
0.763109826178786
0.0683430958089198
0.288146204925536
0.178705816213245
0.231755442856518
0.395781748093101
0.45759312749937
0.617188205977889
0.511713392481533
0.308253834600435
0.619761974631112
0.465911916513215
0.389989521754551
0.465718523260607
0.998825939223605
0.897763195854383
0.957722898064097
0.891343527979329
0.763082145246043
0.630384586698043
0.53257296830327
0.588440285860814
0.730742050704296
0.821297470282121
0.624718576102955
0.702173207110027
0.769892231788284
-0.736080659279834
-0.454431492688151
-0.602948201678209
-0.614973130836213
-0.478829587049453
0.0230926684828235
-0.00386596579622182
0.00915847543877633
-0.135254492989038
-0.296874007747318
-0.0352628090403748
-0.333383094561492
-0.183229697365949
-0.0267917997799769
-0.0159769582490638
-0.327181365565276
-0.314913751118178
-0.167586287086746
-1.11969531472971
-1.02840079960438
-1.08521394703058
-1.13826357367378
-1.13603634277194
-0.751253692108135
-0.905527234313661
-0.835360333846178
-0.858233071904279
-0.951935080863405
-1.00869689169069
-1.11299992898616
-1.06988227105175
-0.993959906350443
-0.958956539268851
-1.08261309909403
-1.02849283411187
-1.00515849553438
0.731433882060161
0.724590407019197
0.67854776081628
0.815884404335963
0.770791765085579
0.824629340210391
0.643511365857687
0.710364385915855
0.69096827996346
0.967520546991341
0.934936400929985
0.983939427506282
0.819348834598635
0.879999883683599
0.856057700172735
0.91088070941706
0.898556898144294
0.85863582041184
0.528232133684158
0.607465770117935
0.573185467819877
0.666834523802305
0.638864837927325
0.592376143836207
0.723464224140418
0.682656806993671
0.753424521764657
0.736420702673333
0.80049838631352
0.779377592023086
1.06265823249858
1.06700950494418
1.09262201854906
0.992350676274331
1.0332879577949
0.993646041886694
1.0962623817597
1.06752440776075
1.06312463155186
0.77251599462995
0.834366708533576
0.782492686105389
0.923906944963736
0.881562156890927
0.866430639685769
0.898299237217655
0.892144121953337
0.945059423357335
1.04068359997395
1.01990234094515
0.995935144380711
1.05372863200662
1.03927832431137
1.07875494738525
0.941554368107782
0.993371183321868
0.96125780291686
1.02302510010589
0.986720490645865
0.976375243204749
0.20640415430847
0.276982252085471
0.229326489501858
0.367778422276104
0.322478142921774
0.288435263886435
0.366936898366138
0.348669072125651
0.421920591371081
0.536042239356729
0.49639928487071
0.454056816628112
0.567922787524777
0.534459168043754
0.611703996426977
0.372932827470018
0.454915400968959
0.411811358956593
0.651573196581679
0.638334283271177
0.70695816877742
0.494943446916841
0.567473258827883
0.510981682883257
0.669173744037283
0.619993218302747
0.596496242405628
0.473309314713822
0.44553624053366
0.521864536748473
0.614568778594309
0.760431603252691
0.689496223959841
0.652209713289021
0.685593038331847
0.945031713309061
0.88420624549771
0.917159434195072
0.88863521986118
0.826954669986773
0.757800716620154
0.714426008406377
0.738522160443253
0.804332885447964
0.846516148838165
0.755915211972529
0.793506377881146
0.822263660359832
0.616361089250525
0.636577097811425
0.5706760218642
0.595104944769496
0.499775333109327
0.547149506963575
0.471542030130663
0.445127722196298
0.480373422668158
0.379380820089086
0.430642817297572
0.344868112958144
0.513270934453636
0.543507843008583
0.166580824611357
0.220491292854041
0.132181677489599
0.391293484980908
0.307178171190853
0.339609511068333
0.239641350705705
0.274030485649303
0.327062996139047
0.442521258730099
0.493373592188351
0.411910088903667
0.134469708999933
0.168752938092834
0.0775782285907316
0.12502682165751
0.0420829038790408
0.207218705356075
0.247486167365424
-0.128380680747217
-0.0761108055163725
-0.165785380692052
0.104210413526555
0.0140238342746749
0.0527574047502993
-0.0602894946988339
-0.0239054506236338
0.0276011262831663
0.369306938635879
0.407984494129805
0.288484680790349
0.329321499453496
0.233107888890886
0.282445181548961
0.193879091835409
0.202489135969135
0.115332197073633
0.154397041732656
-0.496903890746135
-0.458217339987657
-0.52686767304982
-0.304343846284347
-0.384053783726645
-0.352660238769149
-0.455276566028183
-0.418290229619284
-0.375117793325502
0.0430114715805968
-0.0461473863052827
-0.0114927709509706
-0.118273316319794
-0.0817494165921243
-0.0286628129740631
-0.187210758423499
-0.134431508442926
-0.220943769837362
-0.26968365919834
-0.231683000643419
-0.180407658589722
-0.329612966316872
-0.281565695257277
-0.367666447824476
-0.103786534862203
-0.193558432218115
-0.155624170678619
-0.292113269613644
-0.255808664176365
-0.206304695076224
0.0970925239957661
0.204101194928203
0.15076413558123
0.0612499472633647
0.0244353209767505
0.359349352427054
0.18205562913967
0.27151520213855
0.308801711579449
0.256894190767729
-0.0901384583231038
-0.0132547727895929
-0.0515765928230951
0.000651086053871344
0.0915725395338085
0.0773336799807962
0.167579261563628
0.129988097729044
0.599219249762722
0.663523922645698
0.452489609863399
0.528894205727548
0.592059547125889
0.559683492132249
0.516137550347034
0.111899331241195
0.200361848643133
0.267820306716522
0.234115401404132
0.179677635584499
0.287286055508195
0.371760460592601
0.398775255299609
0.36721644399071
0.312823053715882
0.469488093665322
0.419605753327477
0.5018956789209
0.247237373269674
0.334666705762711
0.301410416610923
0.436675590377991
0.404026382784759
0.353708962746981
-0.541891499414968
-0.475359165917677
-0.429656221572245
-0.453711653848884
-0.506728340639327
-0.402309071055031
-0.323396253448903
-0.312712251036678
-0.34483990549096
-0.399140445287349
-0.233594534369058
-0.289534487661729
-0.201417232626715
-0.458146838172525
-0.375230809307467
-0.403632659135141
-0.0662768250609604
0.0227291270688143
-0.240476783012876
-0.154323615536352
-0.088626512302145
-0.121664486805353
-0.177515980131244
-0.294303515581456
-0.348811231671986
-0.264505787528119
-0.0453532439209438
-0.0728201406860969
-0.117287677424044
0.0309002446428915
-0.0226891084640921
0.0589481503483199
-0.18740416553842
-0.104880977662644
-0.139007663964087
0.257056218140055
0.200461243907766
0.287408446705619
0.0228981619529453
0.11216280296095
0.0794406010671094
0.172423492225522
0.143424092117055
0.0865963189064778
-0.332433658319018
-0.24495643186981
-0.279308882440131
-0.174287190288504
-0.209802799473341
-0.260798755376073
-0.100909856942629
-0.156258502253998
-0.0667705021792669
-0.0872152535392919
-5.83298555283098e-05
-0.032921086552859
0.225048994893459
0.158243917631272
0.191934435543842
0.135952480626193
0.0458813251765482
0.0566697557110531
-0.055317130081635
0.000953888579335424
0.0904680715104233
0.12434872971183
-0.224438759089197
-0.0446017525937377
-0.134911600431535
-0.168443828444981
-0.111905019932476
0.0120028199746228
0.0684421793753039
-0.021803393409105
0.696854328122507
0.722148639564173
0.624654762430519
0.66366053563069
0.792830366790813
0.730644801042581
0.763125351586412
0.428345606818388
0.481868100773625
0.638840102327447
0.562011799771397
0.588773842062618
0.532905645884827
0.58074269663266
0.903930682645743
0.844872091427408
0.865469420063732
0.793356069011661
0.820776509024036
0.854960704383149
0.735754845081484
0.780768285305926
0.711917765986387
0.726962210304278
0.655931551637916
0.685206178115912
-0.0317161474767306
0.0248149241159083
0.171628034488511
0.0968695892447384
0.10565082402241
0.0812879211267058
0.139417443623665
0.474261130348946
0.39955373708457
0.40491610741984
0.377326917302873
0.390394325556531
0.45516731063039
0.254552363371485
0.323687586966537
0.247308361605565
0.315112895235449
0.372578769505933
0.197850910661029
0.256723976085176
0.420977054066932
0.339507882937727
0.360327822058392
0.219197606864124
0.235720534228206
0.298576095111281
0.937030298624622
0.9005694293028
0.892042678150355
0.910215286569762
0.907179308411319
0.954432346975859
0.800364200985021
0.855776711117451
0.803955288278715
0.882374019403757
0.895420590060332
0.93768929958461
0.796343180936615
0.848215887591564
0.786619078968821
0.954833588685898
0.904495444074692
0.909422027855985
0.550041532952699
0.616857441255659
0.546932567001429
0.746266106421524
0.683588191816844
0.68389743436962
0.673828332513409
0.68034584467587
0.740264612522161
0.80484160521239
0.859349336514681
0.802405333423204
0.821606754914819
0.686232948447855
0.756111183732202
0.773080993459564
0.72029342182785
0.45528574831007
0.500128950786477
0.479381934605336
0.535363894909764
0.612491557399198
0.540498183347079
0.663705520141436
0.603683241408298
0.53073147137651
0.517282440148733
0.650207627753222
0.633099163627687
0.576659795428589
0.774337965393163
0.849245102664816
0.813161451934226
0.823770717093277
0.871176689131319
0.957148649779751
0.93586017172319
0.979703504761403
0.961190391919268
1.00679975170923
0.910691821088802
0.881648227907099
0.993354346347989
1.02638223793788
0.91532287709259
0.956286083610051
1.03007924928995
0.995838010364384
0.991277867992067
0.912214887257297
0.90096473641844
0.948283875642124
0.95995263756482
0.978053066573457
1.05047721497951
1.01588689258005
1.03293399406953
0.989695959302957
0.996335037648166
1.14496919812092
1.12834368683002
1.13520570515937
1.09270237818678
1.11417205526884
1.11513373974074
1.09288246486577
1.10696862954206
1.08084628688145
0.986408670356112
0.974053249119787
0.997714186751422
0.994410756139454
1.05766398559657
1.0286379942049
1.06412891971163
1.03335186262884
1.06112494083177
1.06548303094942
1.11675706709419
1.10625911499327
1.11841691953579
1.1205033633491
1.14296505543379
1.13608503146714
1.15062751040064
1.0547968357239
1.07832028757812
1.1331868422965
1.10920931320396
1.11557592087118
1.09700751173536
1.11041569131485
1.15819126068819
1.16276112942723
1.15647919656691
1.15987314225938
1.16397112261673
1.16088381853122
1.14976617743464
1.16009575582277
1.15018593754099
1.15126453433419
1.13474160697012
1.14528153492739
1.0623432203623
1.0584054418527
1.06362130050232
1.09214551606614
1.11565702065642
1.00432370300316
1.08078643162718
1.04562819118598
1.02865838145862
1.0467259582472
1.1475556553993
1.13281051001867
1.1434950528373
1.13194064700086
1.10961940459493
1.10997081969158
1.08121353513885
1.09832199926437
-0.229908039083529
-0.277564212445601
-0.206985707524955
-0.422503712716314
-0.349251810579803
-0.367519972691739
-0.289018358585891
-0.323060888154819
-0.368361560324368
-0.707541680940092
-0.638917675776891
-0.652156699638716
-0.59707967548638
-0.620576635834728
-0.66975733392365
-0.51156517155728
-0.568056642128189
-0.495526751422993
-0.454640396654478
-0.496982735431233
-0.536625820628632
-0.412394692895579
-0.45549882824097
-0.373516364126062
-0.612287611351219
-0.5350426215307
-0.568506232751283
-0.446119543363165
-0.473892607669231
-0.522447934766918
-1.09320564101514
-1.06759293718465
-1.06324185871146
-1.063707985603
-1.06810775392014
-1.09684587187175
-0.994229544612712
-1.03387130802749
-0.992934038561847
-0.996518634445299
-1.02048571208175
-1.04126707273832
-0.961841223163344
-0.993954586824269
-0.942137937093218
-1.0793384658148
-1.03986171129147
-1.05431201045963
-0.783076184490955
-0.834950097743615
-0.773099504274969
-0.945642813980111
-0.892727524477124
-0.898882776413827
-0.867014215205078
-0.882145571198278
-0.924490368804517
-0.987303889058612
-1.02360849449587
-0.976958663027065
-0.679129314032765
-0.725172363603284
-0.732015427895021
-0.691551414823146
-0.710947127568242
-0.644094460557144
-0.825212401922029
-0.771374495885863
-0.816467514256248
-0.573769048695133
-0.608049219463508
-0.528815713710529
-0.754007961004963
-0.683240257279318
-0.724047835418479
-0.592959680492257
-0.63944826324111
-0.667417855113811
-0.984522904942125
-0.935519774147302
-0.968104039176916
-0.859219110120735
-0.89914026394268
-0.91146417732445
-0.856641279879052
-0.880583287209338
-0.81993225809888
-0.801081669325705
-0.737003999582384
-0.779960981937924
-0.615152274167743
-0.686176559656657
-0.652793231484611
-0.690079740925517
-0.761015121284716
-0.758384155449134
-0.847099639459835
-0.804916360405354
-0.739105642579025
-0.715009517374327
-0.945615137767841
-0.827538172768725
-0.889218692106391
-0.917742900491817
-0.884789733226179
-0.794089912212989
-0.756498748378398
-0.822847184819068
0.526286108027897
0.457635342192811
0.496322321977408
0.374534581310937
0.417707428370713
0.454693427208074
0.35207708733507
0.383470978404862
0.303760626033411
0.17982396454157
0.231099440656909
0.269099986876433
0.155040583027827
0.192974852628148
0.103202771929775
0.367082836601168
0.280982166459439
0.329029543021981
0.0109090730078723
0.0455638082453302
-0.0435951852091869
0.220360334372696
0.133847964101402
0.186627126433562
0.0280790435077571
0.0811658261972392
0.117689725074702
0.2552252536753
0.291529863135301
0.205721164782877
-0.169334918553863
-0.135051274021854
-0.248069332920982
-0.20780147461634
-0.0426660426991484
-0.125609605417789
-0.0781614243140038
-0.408568111747833
-0.369890423577527
-0.19446263371227
-0.283028701846352
-0.233691606253165
-0.329904959217132
-0.289068044932765
0.165201708370151
0.0755272522000488
0.127796988832345
-0.0281845357377852
0.0233219323732596
0.0597058834755244
-0.0533411482434256
-0.0146073966314033
-0.104793969580061
-0.115915573091241
-0.203072496774997
-0.154980530217603
-0.637158666580155
-0.61694307348759
-0.472125237278886
-0.547732298377718
-0.500358484543402
-0.595687717610418
-0.571259190608345
-0.132765389381569
-0.221074865458759
-0.167164522554451
-0.327646561773064
-0.274614062012253
-0.240225104378887
-0.340193143058267
-0.307761706943145
-0.391876909232783
-0.480956908824756
-0.445711340210982
-0.544091209778481
-0.513854396175503
-0.345451833966608
-0.431226340796283
-0.379964367952145
-0.493956958914663
-0.443104644690924
-0.412493585492223
-0.0976761636840695
-0.0250190104543077
-0.0618336221590873
-0.151347805090175
-0.204684870247771
0.0895548330046525
-0.0921562086673754
-0.00123474567225017
0.0509929265880177
0.0126710862052455
-0.359932920977521
-0.257477851358501
-0.309385337400794
-0.272098826729979
-0.182639286437658
-0.168162965388622
-0.0779173926042076
-0.130571799479995
0.116704952588094
0.0722372439881567
0.0447705072795578
0.138424113458855
0.104297638600081
0.186820587976657
-0.0595317720307385
0.0221057549015156
-0.0314838253158354
0.278725138186179
0.244372784839231
0.331849933701852
0.0661867754507972
0.155674805448128
0.100325993462959
0.260214974370118
0.209219129832535
0.173703547460471
-0.28799226361831
-0.201044959313023
-0.257640036690843
-0.0871800070467132
-0.144007820244595
-0.173007347798736
-0.080024490677622
-0.112746541826164
-0.0234819028580571
-0.000525346570663847
0.086631592324851
0.0323373631877859
0.474777173902432
0.54130993993183
0.322813035997143
0.401726270572253
0.506145221263245
0.453128863855163
0.429073024379004
-0.0233128523179638
0.0656932395037775
0.176932376166597
0.121080884799126
0.0880427181455208
0.153740067507223
0.239893347394469
0.398556777207507
0.344256343180336
0.312128534541437
0.403049250572374
0.374647290031218
0.457563250480568
0.200833442558939
0.288950900453531
0.233010935468765
0.348227832850437
0.293720107645039
0.263922255478082
-0.664105493934267
-0.599801255335752
-0.516720790810696
-0.560266310533617
-0.59264271062263
-0.529477020117965
-0.453072840417865
-0.313406846244586
-0.367800080131235
-0.399359015674979
-0.301994055298938
-0.335250349062168
-0.247821205261409
-0.502479341180119
-0.42018933967969
-0.470071558753083
-0.200945439655542
-0.112483058226978
-0.372343907423801
-0.287869612126556
-0.180261445534252
-0.234699017442297
-0.268403936292252
-0.404609815261436
-0.437259028951559
-0.354292528501798
-0.225632727947984
-0.0464651129383154
-0.136536255029888
-0.192518191765276
-0.158827677207382
0.223855082802229
0.111321286349937
0.167860112637268
0.134327861054787
0.0440179766675419
-0.0572534225418431
-0.12493247606183
-0.0910517880191552
-0.00153759970128423
0.0547333978896224
-0.0690259670753264
-0.0125866172239306
0.0212196145075005
-0.892624249438926
-0.901151421318048
-0.937611855587915
-0.804538515639664
-0.856359515611183
-0.800947364481761
-0.955015454289279
-0.907762094394078
-0.910798473853807
-0.547516357793505
-0.617441071940953
-0.550625293328069
-0.740848225599092
-0.68092947394339
-0.674412148712019
-0.684481096628833
-0.684171769579826
-0.746849560296499
-0.938272905232173
-0.896004107242843
-0.882957670356071
-0.910005418162193
-0.90507893361708
-0.955417146108573
-0.787202846994606
-0.848799447538457
-0.796926770724619
-0.859932729239335
-0.805425019245697
-0.802988865473245
-0.0253978343716304
0.0311334108353471
-0.140001037399321
-0.0818712885969218
-0.106234445704826
-0.0974529567149537
-0.172211628264161
-0.373162589793344
-0.315696616095929
-0.36091158857458
-0.340091635834845
-0.421560959470569
-0.25730771280195
-0.198434610014055
-0.405499924332539
-0.400137457945043
-0.474844950636357
-0.247892060958589
-0.324271323683309
-0.255136218944703
-0.455751216034029
-0.390978078453672
-0.377910683819064
-0.236304235194675
-0.219781307830596
-0.299159852181142
-0.722730196527467
-0.697436320137756
-0.763708538870464
-0.731227587025344
-0.793413474104228
-0.66424334012442
-0.625237989791471
-0.866053071016042
-0.845455608609917
-0.904514288293307
-0.712501355774387
-0.781351845252828
-0.736338613107276
-0.855544261805824
-0.821359998566436
-0.793939459317867
-0.482451731458916
-0.428929397610463
-0.581326150507634
-0.533489223647811
-0.589357658261232
-0.562595429038923
-0.639423715404381
-0.656514965671204
-0.727545603028936
-0.685789710165939
-0.822190364977912
-0.720877142184288
-0.773664669554566
-0.756694859827204
-0.686816668804291
-0.541081916401691
-0.517866242068492
-0.531315251166981
-0.604266992242953
-0.664289265559559
-0.455869481365149
-0.613075302817317
-0.535947645744422
-0.479965714395811
-0.500712752706249
-0.633682942529292
-0.650791406654821
-0.577243601476315
-1.10684273745935
-1.11734049555862
-1.1512108612632
-1.13666837404586
-1.14354854554584
-1.12108670592783
-1.11900027039836
-1.15706268623484
-1.16334449934886
-1.15877473345255
-1.15076935180126
-1.16067915612387
-1.15034974277389
-1.16146733696077
-1.16455450763859
-1.1604565180849
-1.07890365749975
-1.05538032539183
-1.11099906714037
-1.09759089675723
-1.11615948621044
-1.10979271350504
-1.13377025655678
-1.13532499543964
-1.15184792280372
-1.1458649466461
-0.978635026933587
-0.960534183399677
-0.996918183932803
-0.990278708609214
-1.03351705578116
-1.01646962696099
-1.05106032808838
-0.974636849972134
-0.986992138990084
-1.06471236853243
-1.02922145849679
-1.05824760705468
-0.994994198955151
-0.998297532860186
-1.13578918259521
-1.1289270612623
-1.14555269070315
-1.08142957921783
-1.10755199729869
-1.09346593277316
-1.11571732309324
-1.11475546199588
-1.09328580767323
-1.06170822976443
-1.0339351694811
-1.06606642896787
-0.774919925753296
-0.871759802240186
-0.824353451474226
-0.813744201240485
-0.849828248949452
-1.0269657305201
-0.993937720780259
-0.991861297478523
-0.996421417091427
-1.03066283264246
-0.956869451366674
-0.915906169428964
-0.936443640357163
-0.957732250632109
-0.882231574015856
-0.911275263904502
-1.00738337316735
-0.961773856211144
-0.980286953582206
-0.901548043270704
-0.912798176189939
-0.948867273660575
-1.06292664482132
-1.1162405050921
-1.09272898113297
-1.06420477397745
-1.05898894792744
-1.14813907985814
-1.11020291066967
-1.13252412047598
-1.14407851790413
-1.13339399445434
-1.00490721294685
-1.04730948246523
-1.02924190831486
-1.04621171804223
-1.08136995584522
-1.08179707154472
-1.11055434207676
-1.09890553567025
1.05777669069905
1.02725182068042
0.936631590361224
0.985370158756227
0.976928329177643
0.990947780555483
0.948161709937021
0.689076128513908
0.757453262277073
0.740429581958973
0.780418209600249
0.770770304553013
0.715115833121954
0.868900344067632
0.822037283697706
0.882051956724999
0.787679750602238
0.725474400631207
0.899755771429092
0.846007612835367
0.727354595645354
0.788985642449056
0.786503214723372
0.89743793145559
0.891523375834197
0.841387259280075
0.0946396670334999
0.164302595638765
0.147525788277378
0.188632984371391
0.177131501772002
0.111254074606488
0.292372048959192
0.23755888094173
0.313549108743895
0.22313204343304
0.215855836729862
0.141718544727738
0.356862225093984
0.287714707227324
0.367058071586589
0.127327669398284
0.207706282570498
0.198587646910038
0.597425838549868
0.543326467541908
0.617467122604497
0.390388943519569
0.467398342787458
0.445832234979122
0.499651547618908
0.485057783917282
0.422786537927954
0.33072282925795
0.266645145617745
0.344923877273487
0.237224567821704
0.171558826458461
0.377731625033771
0.306328894886241
0.169101211304379
0.240323893917256
0.241285381085473
0.659916574778681
0.59164732533984
0.459092512165257
0.527416703860867
0.530097699996872
0.521336749709911
0.449639794988597
0.153802798613136
0.233950206202625
0.229183223489931
0.240134683674971
0.237674360355288
0.1630782241524
0.385265461441148
0.311858289274885
0.387083194208169
0.314034516261968
0.384026755523561
0.386876552823797
0.664046694617705
0.661543323349662
0.664485999767592
0.59867527476288
0.529453182917886
0.633544005364651
0.51112060450545
0.574219644158092
0.646104891823791
0.655403051017881
0.303081070650231
0.456789843852017
0.381155170917745
0.375080648256754
0.444597537771366
0.525982923704824
0.592331372092136
0.519858768423796
0.112934112059827
0.06210585996944
-0.0918221510195866
-0.0131540528051341
-0.031669596297881
0.0114523966623514
-0.0409554356942483
-0.415142293673838
-0.334693463449277
-0.351352566300727
-0.291209846499385
-0.314665343977097
-0.374296854472986
-0.189986771040567
-0.253411665395348
-0.172025420943711
-0.201345141339112
-0.254566298980377
-0.0939225979750852
-0.147663250571416
-0.32030386669127
-0.234305868651176
-0.264365007185351
-0.124161722950628
-0.150254601706005
-0.207698324609873
-0.92971335509202
-0.886569699159915
-0.887742707639407
-0.875935388438617
-0.883208423079323
-0.927965627786448
-0.784229651772705
-0.835253003846615
-0.776801435109164
-0.806810831717289
-0.829973490283951
-0.870213380337723
-0.736686163572684
-0.785372600298404
-0.716391906593258
-0.907848740912809
-0.849372878309005
-0.864744257592249
-0.508562189181655
-0.570091446917958
-0.493864880887873
-0.712529957046556
-0.643280189076648
-0.655082203478816
-0.611165177005538
-0.628760321514369
-0.684368357393595
-0.766764756401258
-0.817617070624993
-0.753480013452284
-0.564864400777234
-0.590373917442535
-0.49365144131919
-0.531864637126148
-0.672765042218847
-0.604426505826337
-0.64365210997398
-0.306593274689607
-0.356917329795975
-0.524199559793239
-0.441888117910744
-0.47684778686447
-0.405323484657588
-0.451136676734846
-0.816902035963081
-0.750147695272147
-0.780115220212477
-0.681453800249176
-0.717164588713883
-0.750130261600197
-0.636067504233914
-0.678859872020692
-0.603362205286363
-0.608552352156275
-0.53160715917716
-0.568400019610351
-0.341626728521343
-0.404603469457329
-0.374477903955366
-0.426705576215637
-0.509430764329953
-0.476193544093572
-0.590307456237066
-0.534594957408282
-0.455568693671334
-0.431692126665348
-0.738450301386825
-0.589312402648705
-0.665833898242216
-0.692632489718903
-0.643100437347802
-0.539442763857898
-0.486788356982109
-0.566460317441641
-0.599659152556898
-0.592600455796981
-0.696411107088248
-0.644573431409352
-0.704563982650601
-0.578568445303429
-0.559964897988544
-0.882166221707623
-0.840211893050391
-0.896910678233084
-0.710793155521996
-0.778091353626716
-0.756370221669197
-0.806050197885439
-0.794944883868884
-0.746733477215833
-0.482514895169542
-0.451433024651482
-0.537228425761375
-0.511282583763502
-0.61153803672721
-0.562533013061932
-0.638783862417245
-0.612096231104031
-0.682088450371863
-0.662571334947423
-1.05836031943178
-1.0530112228047
-1.08530714426605
-0.965196978244077
-1.01276480934251
-0.977511843966322
-1.06979605798289
-1.04355409574721
-1.02884491872771
-0.719448106269445
-0.787600530801187
-0.741013142776812
-0.868010548041947
-0.829976471673822
-0.803767306024025
-0.869483913533095
-0.851835985984644
-0.911323240353267
-0.973207573465062
-0.954455126148771
-0.920371828744139
-1.00905087342598
-0.984155683803918
-1.03177008138567
-0.871327043709193
-0.930527776032402
-0.901600657936341
-0.981292861879876
-0.948643654286655
-0.927449846467578
-0.190061430565401
-0.1481085057317
-0.269316340380386
-0.229737769117188
-0.292955593533135
-0.264953468818414
-0.342114608996453
-0.418029656054925
-0.382631421548387
-0.471959830227453
-0.429257027654211
-0.511030661043125
-0.345854573929375
-0.307882956914736
-0.598009460576505
-0.573473824081656
-0.647839130636391
-0.419660375296476
-0.497197176215475
-0.446415947236427
-0.588303108299947
-0.544264063860391
-0.510379013437814
-0.387843264645948
-0.350500252971332
-0.430986633972166
-0.500909629060949
-0.657370659081904
-0.580837762613018
-0.547305534599573
-0.590067391743163
-0.861875115689604
-0.807013088155344
-0.836710770929804
-0.798357782024971
-0.730033969671585
-0.693495876507548
-0.628835514413403
-0.663359189978118
-0.735244406896403
-0.773117900235908
-0.666043597308509
-0.699849810692247
-0.738516170682506
-0.0952223918694504
-0.032084578299697
-0.0416139973646104
-0.0362877349546121
-0.111837652168251
0.0362741337455752
0.10838667129018
-0.066584740327263
-0.0604930121261562
-0.142302269344907
0.101517916088562
0.0209310124347394
0.0969078903759029
-0.127911450404237
-0.054182121024308
-0.0478454156459904
0.332737353350011
0.406937205195607
0.182471707868336
0.257658983031983
0.256127607745347
0.257902766544681
0.180680561581688
0.107943145608451
0.0309979526293281
0.105387054196188
-0.113515680828557
-0.105005645799944
-0.172140385941599
0.0442045182214838
-0.0324953271191384
0.0310864448638044
-0.169684330680464
-0.0994795780310224
-0.0942660407667002
0.364487846323053
0.284416625400151
0.35076886835763
0.144374724284854
0.215543983460052
0.22568155082127
0.189403139050634
0.203720756207936
0.123221108921136
-0.154386466692978
-0.0785872968789626
-0.0726358926254538
-0.089392218145659
-0.0841500484445395
-0.163661811844358
0.078700573933246
-0.00321246001514033
0.0712970748025571
-0.0163911556220077
0.0546394878326112
0.0634345699609189
0.843669913329408
0.887161138870676
0.740713911977671
0.795181241710651
0.783646500338629
0.78960362392235
0.729183802311061
0.479608640111465
0.550041052065878
0.543618231189893
0.547854271632083
0.474788613835236
0.617559579293055
0.681429441471507
0.507978491238555
0.51981460886882
0.443210433537099
0.663725645023977
0.593589279889242
0.654498571488884
0.462549873353822
0.52963896099735
0.537533235179064
0.671149642527859
0.677064192052355
0.609216258803329
0.406321420201807
0.252557220474291
0.33058856862511
0.403540333270121
0.398980286309012
0.00949784733631491
0.16048331841854
0.0853857475065826
0.0914602465985295
0.17267558215553
0.375818797173089
0.392840027203337
0.385159265039028
0.306133001302079
0.234224697631614
0.321138332373796
0.247590508847588
0.241466371914274
0.929131801875534
0.969041070585889
0.967662472411127
0.97107380411065
0.927382533086995
1.00628951466398
1.0404607659666
0.904496570115779
0.92691853034363
0.869629800311352
1.0231374502272
0.978180366586872
1.00633646190974
0.907265204256762
0.945168062308375
0.958799708233684
1.11776100900515
1.13430613338692
1.07057716821803
1.09651072410986
1.0836089407383
1.09318744955299
1.0615566491776
1.0408869879879
1.00354396241643
1.03488488807944
0.599077602975227
0.647335772203205
0.589792364226053
0.757310772176622
0.702901147943512
0.703980908325007
0.67218194751939
0.692291886857669
0.735379193946492
0.94703452718865
0.904586891883176
0.896327175176051
0.90138785157724
0.90631524594934
0.949291550597229
0.805466709211425
0.858554019690807
0.809183887906324
0.816318455936715
0.847092735331825
0.87780095861097
0.775509250890606
0.812959772713249
0.749546724944149
0.926012059550389
0.871667638309157
0.889813491940877
0.794479243947712
0.805729390763812
0.849804894237509
1.10774506733058
1.08472351805316
1.14061105819915
1.12648764997042
1.06921255525687
1.10188120050293
1.08974434287381
1.14581613143626
1.1521784503874
1.11904020254561
1.13911114690561
1.11824137478602
1.1535132152263
1.14960402096848
0.972624075079504
1.01883012827723
0.985240136742808
1.07150119799984
1.04776480040237
1.03118654218948
1.0642483870043
1.05875167157969
1.09219536323157
1.10493369681449
1.13102657556987
1.1146833839538
1.12630413861774
1.06769103866451
1.10024111758747
1.11179552219399
1.09088214079545
0.933717820056693
0.975134866045105
0.957388826011757
0.984187417488444
1.0289229007442
0.991737323045784
1.06379348358743
1.03070473247803
0.992351736394816
0.986814346757384
1.0578513492328
1.04620253087964
1.0191849772959
-0.237806535960011
-0.241868547582833
-0.2409066563031
-0.306911642409025
-0.378314756682537
-0.229766903242392
-0.234533732917173
-0.387666690471896
-0.312441806471339
-0.385849145424699
-0.23825784518168
-0.240718059406826
-0.592230730798022
-0.660500100298533
-0.450223110861286
-0.521920145287061
-0.530681330366685
-0.528000147036114
-0.459675983576644
-0.384610070454544
-0.314617851186719
-0.387459986303719
-0.164885468459765
-0.314132603613842
-0.238142181544314
-0.177714813226691
-0.189216504180744
-0.618050741425985
-0.543910002848159
-0.423370146279817
-0.485641363951479
-0.500235273442618
-0.467981918463018
-0.390972511914083
-0.216439448164365
-0.223715750944206
-0.199171256907158
-0.20828991776145
-0.367641828982036
-0.28829833402146
-0.357445849185894
-0.267228742935385
-0.331306412678714
-0.345507502068447
-1.02783526069906
-0.948745082528067
-0.991531139856716
-0.985953522068411
-0.937214972861464
-0.726057923633413
-0.788263152764746
-0.78708667689478
-0.789569082399656
-0.72793821164811
-0.846591027635996
-0.900339173418406
-0.758036709567684
-0.689659717059047
-0.882635376970872
-0.822620728232182
-0.715699471166696
-0.771353771764918
-0.78100168088395
-0.892106802319421
-0.898021351843932
-0.841970714563863
-0.664630160588907
-0.530036748758278
-0.59925879851166
-0.665069516337985
-0.662126870843788
-0.303664673960299
-0.445181174431594
-0.375664280007754
-0.3817387790997
-0.457373438168599
-0.634127537560336
-0.655986611738117
-0.646688448106893
-0.574803231188614
-0.511704225915608
-0.592914971627975
-0.526566535187305
-0.52044239825398
0.564282420316205
0.643068944418419
0.60384373656607
0.531281853365867
0.493068245595917
0.779531602594439
0.749564210330496
0.602778663409502
0.678276351723297
0.63548378687163
0.716581128950246
0.680870436106758
0.356333776479652
0.306009582774734
0.450553267280223
0.404739966407214
0.476264043371345
0.441304555554024
0.523616003739731
0.531023783159556
0.607968991350428
0.567816531125404
0.88598771492285
0.776218227960936
0.834670212432468
0.882625650238396
0.875352219694475
0.493281168995905
0.569507874313229
0.683784791759586
0.628176745151429
0.610581423332361
0.642696653324357
0.711946532794674
0.829390004127353
0.806227213702608
0.864160890822348
0.848789416587138
0.715808185584794
0.784789076799693
0.736102615709619
0.817033703898684
0.766181370440436
0.752896516863729
-0.0626878577642888
0.0403722236796858
-0.0120351979109268
0.0125712474833499
0.0912389307686504
0.253982604932224
0.200761581352611
0.263781419534559
0.233722289061217
0.319720103758839
0.147079721773582
0.0933391746801877
0.33410988538933
0.414558580045236
0.171441985479047
0.252828121053826
0.373713085006687
0.314081753582214
0.290626255254298
0.149671191204921
0.123578316472291
0.207114794316529
0.341043103203326
0.508847095196384
0.426121916597257
0.373894237720291
0.404019782872981
0.737866732836468
0.642516776757026
0.692048863897554
0.665250273650785
0.588728745350715
0.475609904405113
0.431108437187796
0.454985018775598
0.534011287899334
0.589723780917507
0.486204644358698
0.538859062106946
0.565876613616649
0.189478557744401
0.3415311141265
0.264370168215832
0.229154457662501
0.26873282057103
0.647255511814899
0.572890288775409
0.509795405085953
0.543680483826185
0.587719382476238
0.496613600539917
0.419076806901965
0.382047810113888
0.417445948543757
0.307299346917617
0.345270938738425
0.510446903647671
0.42867340086007
0.471376206135546
0.349916655653698
0.387259681225164
0.430403009177202
1.05242778278605
1.02826154613667
1.04297073644599
1.01218144603033
0.964613595743838
0.919788305741924
0.953871723986261
0.901017195764933
0.92994433608181
0.870743427706435
0.983572269003294
1.00846747143667
0.787017083510575
0.718864517724312
0.910739820107393
0.85125254145016
0.803183667979278
0.829393004461907
0.867427076758249
0.948060227801414
0.980709441491542
0.926866391183787
0.592018487658673
0.559381731491181
0.577985682917583
0.643990683886573
0.695827975439484
0.450849344899016
0.481931368454995
0.638200366153516
0.561949495865479
0.610954352743652
0.510699098937108
0.53664505002952
0.839628487592206
0.881582696187767
0.74615016134315
0.794361488291736
0.755786591299372
0.777507910451477
0.710209684110606
0.681505135440855
0.611512896179277
0.6619879014675
0.500326025750776
0.589483755082933
0.54672190284858
0.580254154431059
0.656787064765316
0.692912344312542
0.772534339515673
0.734660850613297
0.662775602947598
0.628251893003243
0.861291649718119
0.729450403831187
0.797774258276196
0.836127254359414
0.806429540661229
0.699266199209761
0.665459967478323
0.73793257114666
-0.844251918902437
-0.72976703286553
-0.790186438312761
-0.795764060112024
-0.741297152441328
-0.443794160522874
-0.520398199881234
-0.53811686475479
-0.53022257703548
-0.463133683303573
-0.594172836507602
-0.664309091855173
-0.550624688206401
-0.480192432640165
-0.682012906559271
-0.618143165645264
-0.475372445826972
-0.548437914931517
-0.544201869877911
-0.677647630625945
-0.671733075004536
-0.609799824558146
0.104423653784696
0.0936828435734601
0.0988967880373016
0.0319125266363604
-0.0447877356732429
0.0720521761302058
0.0780037345683402
-0.0718806737028471
0.00262887280693869
-0.0792843640010119
0.0835665291682912
0.0888088095828921
-0.285000210957336
-0.365071571572206
-0.123804544539543
-0.204304304237067
-0.226265344977899
-0.21612758546628
-0.144958328249501
-0.0552228957690024
0.0158077568004564
-0.0640181020109507
0.0315016816017583
-0.108970251963121
-0.0368574873081506
0.0357043958920497
0.0410304468593783
-0.407521023746387
-0.333321068755264
-0.1812643024868
-0.258486505409902
-0.256711497355858
-0.258242711159523
-0.183055396008573
0.0599093650955763
0.0660009960733193
0.0472617728179586
0.0535984513835017
-0.0974917538555717
-0.0215147092406222
-0.102101642817031
-0.0315816138437691
-0.108526822034637
-0.10597077756126
-0.406905153256344
-0.399564045885112
-0.404124089491561
-0.331172343028813
-0.253141008236063
-0.376402464004315
-0.234808429823624
-0.306716712424021
-0.38574298154776
-0.393423773553336
-0.0100815236233341
-0.173259358081732
-0.0920439859752807
-0.0859694633142941
-0.161067052001075
-0.248174306096893
-0.321722120073812
-0.24205015081587
-1.10832849957104
-1.09032770516132
-1.10246455073552
-1.1270709961298
-1.14119441225029
-0.985823646387828
-1.01941351748727
-1.09277878707234
-1.05933508588701
-1.06483196252361
-1.04834820292615
-1.07208458862262
-1.15276182152399
-1.14639962150084
-1.15018739942148
-1.1540966022064
-1.11882494377146
-1.13969455040801
-1.11962362279209
-1.13160996995985
-1.10551709522723
-1.11526680377611
-0.647917732563333
-0.735962331994756
-0.692874632090717
-0.703483886397668
-0.757893893521857
-0.878384539882874
-0.84767618589235
-0.890396937167381
-0.872251091796111
-0.926595674474637
-0.813543199985263
-0.776092584829595
-0.905170284388886
-0.947618039351321
-0.809767192412476
-0.859137402991119
-0.94987514048361
-0.906898663481322
-0.901971284657993
-0.806312683719217
-0.795062546777223
-0.850388292255959
-0.969623027169977
-1.04104387588688
-1.00687224546427
-0.97165654576304
-0.968245607270812
-1.13488962557249
-1.11834438222247
-1.06214007267786
-1.09377085307872
-1.08419252044462
-1.09709408990826
-1.07116045792693
-0.927501979689199
-0.905080150991037
-0.959383039545186
-0.945751487622152
-1.0069200731878
-0.978763816872523
-1.0237208894675
-1.00412725932548
-1.04147027100009
-1.03546827799427
-1.12688756307652
-1.09146562852392
-1.11237898849073
-1.10082458983268
-1.06827454144646
-0.99232076187459
-0.987397855725346
-0.992935218530595
-1.03128820743542
-1.06437697420911
-0.934301315630018
-1.02950641877622
-0.984770934454124
-0.957972344207353
-0.975718387369919
-1.04678606521147
-1.05843487369203
-1.01976851370178
