-11265.044106016
-12334.892796272
-12984.287058659
-14232.490601153
-14179.648068176
-15192.805120988
-14991.550113049
-15599.380802967
-15335.766545054
-16537.418429705
-15749.021417064
-16067.553842947
-14958.447018097
-15653.754863166
-14299.318501786
-15061.974781319
-13718.144734678
-13540.674270561
-11951.269731820
-11966.708372041
-8929.858021682
-7957.106412991
-6345.006793598
-5848.212463941
-4658.092184316
-4062.977400996
-3004.529999664
-2240.996571226
-1271.202121005
-612.215608447
324.315998553
999.524393523
1918.043596859
2809.612874100
3829.701815655
4473.110266261
5437.615123029
6265.610999667
7342.887957985
8867.104049458
11265.044106016
12334.892796272
12984.287058659
14232.490601153
14179.648068176
15192.805120988
14991.550113049
15599.380802967
15335.766545054
16537.418429705
15749.021417064
16067.553842947
14958.447018097
15653.754863166
14299.318501786
15061.974781319
13718.144734678
13540.674270561
11951.269731820
11966.708372041
8929.858021682
7957.106412991
6345.006793598
5848.212463941
4658.092184316
4062.977400996
3004.529999664
2240.996571226
1271.202121005
612.215608447
-324.315998553
-999.524393523
-1918.043596859
-2809.612874100
-3829.701815655
-4473.110266261
-5437.615123029
-6265.610999667
-7342.887957985
-8867.104049458
-12845.631596727
-14274.348155592
-15024.376665384
-16480.728872309
-16411.608190030
-17490.612185322
-17359.771377517
-18163.103607277
-17692.192520052
-18844.274777167
-17990.658607742
-18502.737170722
-17489.814559187
-18199.650141971
-16690.109494862
-17231.549451362
-15792.544460317
-15761.151226250
-13680.064271168
-13517.978971050
-9794.926620646
-9236.542444261
-6841.855077628
-6807.488794122
-5046.411793282
-4684.765712323
-3150.034983973
-2538.017423079
-1242.672235094
-712.177761247
574.992511069
1218.110450809
2256.926675081
3263.338462424
4393.133717635
5279.980212655
6433.341638294
7543.237499056
8596.448032664
10365.878658770
12845.631596727
14274.348155592
15024.376665384
16480.728872309
16411.608190030
17490.612185322
17359.771377517
18163.103607277
17692.192520052
18844.274777167
17990.658607742
18502.737170722
17489.814559187
18199.650141971
16690.109494862
17231.549451362
15792.544460317
15761.151226250
13680.064271168
13517.978971050
9794.926620646
9236.542444261
6841.855077628
6807.488794122
5046.411793282
4684.765712323
3150.034983973
2538.017423079
1242.672235094
712.177761247
-574.992511069
-1218.110450809
-2256.926675081
-3263.338462424
-4393.133717635
-5279.980212655
-6433.341638294
-7543.237499056
-8596.448032664
-10365.878658770
-14251.063589495
-15085.552231227
-16452.510039079
-17506.326878282
-17934.495094919
-18602.096504244
-19080.233425417
-19326.494900803
-19581.212469620
-20134.921055292
-19784.850119844
-19926.941803152
-19066.731462402
-19395.722339647
-18330.837152113
-18316.490454905
-17199.954835736
-16676.735217301
-14927.587891107
-14361.373345172
-11059.715738943
-9881.908640348
-7878.456642156
-7268.643031881
-5618.988744870
-5023.943759474
-3479.821575948
-2706.442028976
-1349.205132855
-687.617725710
667.004991977
1306.533202602
2573.372748195
3505.982214033
4877.193570476
5623.796897573
7060.862542814
8082.634715290
9665.981592139
11202.253144551
14251.063589495
15085.552231227
16452.510039079
17506.326878282
17934.495094919
18602.096504244
19080.233425417
19326.494900803
19581.212469620
20134.921055292
19784.850119844
19926.941803152
19066.731462402
19395.722339647
18330.837152113
18316.490454905
17199.954835736
16676.735217301
14927.587891107
14361.373345172
11059.715738943
9881.908640348
7878.456642156
7268.643031881
5618.988744870
5023.943759474
3479.821575948
2706.442028976
1349.205132855
687.617725710
-667.004991977
-1306.533202602
-2573.372748195
-3505.982214033
-4877.193570476
-5623.796897573
-7060.862542814
-8082.634715290
-9665.981592139
-11202.253144551
-14792.727326981
-15581.894535107
-17378.975766752
-18210.825563970
-19087.796000437
-19365.511713704
-20128.422461448
-20204.668210559
-20543.226562327
-21053.796686291
-20962.187884984
-20539.384039738
-20198.878163791
-20195.756891390
-19354.831742158
-19051.159007144
-18162.017779860
-17150.736619239
-15639.551490166
-14801.011837177
-11555.964412774
-10295.875074362
-8543.951706541
-7710.547930622
-6028.146927538
-5307.434096494
-3756.358488693
-2861.022613152
-1425.321911419
-750.618430559
683.225927355
1397.411120582
2824.239329153
3713.727204950
5272.284495848
5971.223161500
7660.105253653
8269.634410813
10348.402513705
11535.449214126
14792.727326981
15581.894535107
17378.975766752
18210.825563970
19087.796000437
19365.511713704
20128.422461448
20204.668210559
20543.226562327
21053.796686291
20962.187884984
20539.384039738
20198.878163791
20195.756891390
19354.831742158
19051.159007144
18162.017779860
17150.736619239
15639.551490166
14801.011837177
11555.964412774
10295.875074362
8543.951706541
7710.547930622
6028.146927538
5307.434096494
3756.358488693
2861.022613152
1425.321911419
750.618430559
-683.225927355
-1397.411120582
-2824.239329153
-3713.727204950
-5272.284495848
-5971.223161500
-7660.105253653
-8269.634410813
-10348.402513705
-11535.449214126
-15329.581771486
-16462.397977590
-17517.654780601
-18834.491955531
-19587.784829029
-20140.066156409
-20544.036497009
-21052.367743522
-21144.129897591
-21871.801135346
-21554.966661555
-21556.860397153
-20540.151680551
-20965.388583696
-19910.235840880
-19790.763664667
-18458.605417878
-18020.080419623
-16052.686020180
-15695.486120950
-12060.056561529
-11057.369454543
-8582.752124045
-8060.017890078
-6260.860517983
-5563.942125435
-3830.914962207
-3031.325327869
-1501.335655998
-820.987673715
772.030447372
1520.145649448
2891.286264492
3924.654486353
5444.433670213
6330.859503174
7810.241301913
8932.742686203
10681.368222637
12411.876496887
15329.581771486
16462.397977590
17517.654780601
18834.491955531
19587.784829029
20140.066156409
20544.036497009
21052.367743522
21144.129897591
21871.801135346
21554.966661555
21556.860397153
20540.151680551
20965.388583696
19910.235840880
19790.763664667
18458.605417878
18020.080419623
16052.686020180
15695.486120950
12060.056561529
11057.369454543
8582.752124045
8060.017890078
6260.860517983
5563.942125435
3830.914962207
3031.325327869
1501.335655998
820.987673715
-772.030447372
-1520.145649448
-2891.286264492
-3924.654486353
-5444.433670213
-6330.859503174
-7810.241301913
-8932.742686203
-10681.368222637
-12411.876496887
-15692.202471978
-16048.754376583
-18018.278084698
-18454.867554153
-19785.922250610
-19904.180419377
-20955.648108991
-20531.957827249
-21551.004235815
-21554.472931249
-21874.342704018
-21148.210559582
-21061.755258731
-20552.633300499
-20147.402706943
-19594.518836559
-18836.675099768
-17520.888125315
-16464.719126110
-15334.514060379
-12417.761472457
-10690.488613640
-8946.607343334
-7828.278089183
-6356.071616794
-5471.900545043
-3955.432887068
-2922.504693228
-1550.626357214
-803.765445127
790.973368927
1469.679982780
3000.319600967
3800.378527769
5535.269637760
6235.395086471
8042.629447206
8568.133891092
11049.464508139
12052.757871409
15692.202471978
16048.754376583
18018.278084698
18454.867554153
19785.922250610
19904.180419377
20955.648108991
20531.957827249
21551.004235815
21554.472931249
21874.342704018
21148.210559582
21061.755258731
20552.633300499
20147.402706943
19594.518836559
18836.675099768
17520.888125315
16464.719126110
15334.514060379
12417.761472457
10690.488613640
8946.607343334
7828.278089183
6356.071616794
5471.900545043
3955.432887068
2922.504693228
1550.626357214
803.765445127
-790.973368927
-1469.679982780
-3000.319600967
-3800.378527769
-5535.269637760
-6235.395086471
-8042.629447206
-8568.133891092
-11049.464508139
-12052.757871409
-14798.398292219
-15638.066829500
-17145.721829208
-18161.688817690
-19047.028370133
-19347.698176204
-20186.104743166
-20186.467343392
-20535.163024499
-20961.806129601
-21055.374205403
-20549.358125522
-20211.961787295
-20142.256584258
-19375.659432722
-19095.885276081
-18214.622055836
-17379.292245142
-15585.658178853
-14796.339588035
-11540.755322570
-10356.689285865
-8285.879545651
-7679.294454915
-5996.915070208
-5302.803568692
-3746.586732131
-2863.606494394
-1434.462650186
-724.979191350
712.012673711
1384.217041174
2827.890402708
3718.679714747
5276.494141255
5999.079113030
7691.292513430
8528.658740001
10286.038325575
11549.512904192
14798.398292219
15638.066829500
17145.721829208
18161.688817690
19047.028370133
19347.698176204
20186.104743166
20186.467343392
20535.163024499
20961.806129601
21055.374205403
20549.358125522
20211.961787295
20142.256584258
19375.659432722
19095.885276081
18214.622055836
17379.292245142
15585.658178853
14796.339588035
11540.755322570
10356.689285865
8285.879545651
7679.294454915
5996.915070208
5302.803568692
3746.586732131
2863.606494394
1434.462650186
724.979191350
-712.012673711
-1384.217041174
-2827.890402708
-3718.679714747
-5276.494141255
-5999.079113030
-7691.292513430
-8528.658740001
-10286.038325575
-11549.512904192
-14367.409671265
-14926.867726467
-16711.961529954
-17195.120383014
-18325.574486162
-18324.091839400
-19347.069837062
-19049.222418291
-19905.362835488
-19787.356313619
-20144.215324613
-19592.075879308
-19376.217665079
-19094.633686754
-18628.410142379
-17946.424866915
-17473.926474372
-16452.360132946
-15072.200003420
-14258.106867725
-11201.999768169
-9678.116633282
-8081.096008301
-7090.754721463
-5649.031591188
-4921.111965813
-3564.689350039
-2625.172613880
-1362.083325021
-721.678379995
633.570606329
1294.389045634
2644.120810919
3433.232204912
4981.065132455
5570.818361151
7263.066131306
7857.854891658
9881.700075522
11047.714367039
14367.409671265
14926.867726467
16711.961529954
17195.120383014
18325.574486162
18324.091839400
19347.069837062
19049.222418291
19905.362835488
19787.356313619
20144.215324613
19592.075879308
19376.217665079
19094.633686754
18628.410142379
17946.424866915
17473.926474372
16452.360132946
15072.200003420
14258.106867725
11201.999768169
9678.116633282
8081.096008301
7090.754721463
5649.031591188
4921.111965813
3564.689350039
2625.172613880
1362.083325021
721.678379995
-633.570606329
-1294.389045634
-2644.120810919
-3433.232204912
-4981.065132455
-5570.818361151
-7263.066131306
-7857.854891658
-9881.700075522
-11047.714367039
-13505.556201684
-13497.938622299
-15787.017465621
-15787.219460071
-17195.508833862
-16712.041879535
-18162.714967201
-17146.929407672
-18455.166648136
-18016.277782498
-18838.008981511
-17521.074375345
-18213.300063215
-17378.188248886
-17474.318038649
-16451.769364188
-16466.170420501
-14710.025173129
-14239.212388899
-12846.638870430
-10386.144595223
-8796.579305813
-7556.817529197
-6482.435088847
-5371.941082839
-4483.791194364
-3327.302415099
-2420.370713048
-1295.514444637
-648.823991348
647.161445006
1191.247409536
2466.800868471
3090.086704570
4623.424242349
4921.031359556
6780.864343556
7046.903405211
9248.549535420
9785.841538207
13505.556201684
13497.938622299
15787.017465621
15787.219460071
17195.508833862
16712.041879535
18162.714967201
17146.929407672
18455.166648136
18016.277782498
18838.008981511
17521.074375345
18213.300063215
17378.188248886
17474.318038649
16451.769364188
16466.170420501
14710.025173129
14239.212388899
12846.638870430
10386.144595223
8796.579305813
7556.817529197
6482.435088847
5371.941082839
4483.791194364
3327.302415099
2420.370713048
1295.514444637
648.823991348
-647.161445006
-1191.247409536
-2466.800868471
-3090.086704570
-4623.424242349
-4921.031359556
-6780.864343556
-7046.903405211
-9248.549535420
-9785.841538207
-11763.688013184
-11763.897018215
-13498.352562729
-13506.380658990
-14927.871070296
-14368.459356115
-15639.642941078
-14800.400616109
-16048.704691466
-15690.923554032
-16466.678909870
-15333.966332834
-15584.097200359
-14794.394396040
-15071.386383095
-14256.895428636
-14238.596507665
-12846.016470510
-12384.169629680
-11502.075728701
-9099.003889433
-7761.974017737
-6390.330458278
-5846.607654289
-4664.246267335
-3995.280834165
-2920.920989252
-2214.425181202
-1113.753342426
-512.926609018
539.746023943
1080.999748039
2139.370854470
2853.331567720
4009.882723905
4428.097539709
5729.113728193
6240.890136816
7817.230098578
8539.392568201
11763.688013184
11763.897018215
13498.352562729
13506.380658990
14927.871070296
14368.459356115
15639.642941078
14800.400616109
16048.704691466
15690.923554032
16466.678909870
15333.966332834
15584.097200359
14794.394396040
15071.386383095
14256.895428636
14238.596507665
12846.016470510
12384.169629680
11502.075728701
9099.003889433
7761.974017737
6390.330458278
5846.607654289
4664.246267335
3995.280834165
2920.920989252
2214.425181202
1113.753342426
512.926609018
-539.746023943
-1080.999748039
-2139.370854470
-2853.331567720
-4009.882723905
-4428.097539709
-5729.113728193
-6240.890136816
-7817.230098578
-8539.392568201
-8738.148515842
-7921.849221965
-6378.975166683
-5917.241188814
-4673.014833825
-4097.611784849
-3017.601345671
-2250.684447580
-1277.676393874
-620.489486210
316.700230059
992.399816264
1905.594772953
2795.341967140
3801.005542485
4451.439531472
5420.522077538
6433.727829951
7519.089852968
9085.409584072
-9981.599278200
-9221.545583576
-7199.270114505
-6835.567666292
-5065.118150652
-4728.507041870
-3161.786076696
-2541.820330010
-1248.067122706
-716.346470510
568.533192786
1215.107215538
2252.026645618
3254.659516477
4341.856367894
5272.117450251
6387.770457635
7541.354408214
8626.170110508
10625.471089048
-10978.040798411
-10011.327744978
-7837.192931823
-7288.332817251
-5611.062323678
-4997.395903542
-3475.322543457
-2698.070003168
-1344.477483994
-682.338623070
670.356645101
1310.357153730
2574.477923942
3511.917630297
4864.198867228
5626.782590100
7097.038583824
8058.666719046
9812.956526106
11136.488232429
-11789.963044681
-10293.446797679
-8520.579175058
-7648.051622672
-6006.966488179
-5249.476409141
-3738.949864341
-2848.406425418
-1413.885539434
-736.182168147
695.876174573
1410.680163854
2836.542968304
3732.656130313
5326.000734501
6000.799245534
7705.860872334
8650.440640874
10359.646322333
11754.415017792
-12079.360114648
-11124.768433229
-8756.260974448
-8056.097217799
-6234.419345118
-5540.433118772
-3813.768045282
-3016.320903830
-1487.949455149
-807.880859205
786.652532254
1532.103234420
2906.033889285
3938.699029809
5478.060051771
6340.883866708
7877.810670540
8915.508325045
10704.200300215
12499.750376717
-12499.750376717
-10704.200300215
-8915.508325045
-7877.810670540
-6340.883866708
-5478.060051771
-3938.699029809
-2906.033889285
-1532.103234420
-786.652532254
807.880859205
1487.949455150
3016.320903830
3813.768045282
5540.433118772
6234.419345118
8056.097217799
8756.260974448
11124.768433229
12079.360114648
-11754.415017792
-10359.646322333
-8650.440640874
-7705.860872334
-6000.799245534
-5326.000734501
-3732.656130313
-2836.542968304
-1410.680163854
-695.876174573
736.182168147
1413.885539434
2848.406425418
3738.949864341
5249.476409141
6006.966488179
7648.051622672
8520.579175058
10293.446797679
11789.963044681
-11136.488232429
-9812.956526106
-8058.666719046
-7097.038583824
-5626.782590100
-4864.198867228
-3511.917630297
-2574.477923942
-1310.357153730
-670.356645101
682.338623070
1344.477483994
2698.070003168
3475.322543457
4997.395903542
5611.062323678
7288.332817251
7837.192931824
10011.327744978
10978.040798411
-10625.471089048
-8626.170110508
-7541.354408214
-6387.770457635
-5272.117450251
-4341.856367894
-3254.659516477
-2252.026645619
-1215.107215538
-568.533192786
716.346470510
1248.067122706
2541.820330010
3161.786076696
4728.507041870
5065.118150652
6835.567666292
7199.270114505
9221.545583576
9981.599278200
-9085.409584072
-7519.089852968
-6433.727829951
-5420.522077538
-4451.439531472
-3801.005542485
-2795.341967140
-1905.594772953
-992.399816264
-316.700230059
620.489486210
1277.676393874
2250.684447580
3017.601345671
4097.611784849
4673.014833825
5917.241188814
6378.975166683
7921.849221965
8738.148515842
-8539.608254205
-7817.694745891
-6241.135578398
-5729.670481832
-4428.385738487
-4010.540580456
-2853.671733674
-2140.128783449
-1081.357841617
-540.518031147
512.572097539
1112.976483825
2214.074272115
2920.186866665
3994.976498742
4663.613749979
5846.349401757
6389.807347277
7761.749886169
9098.564338629
-9786.748633714
-9249.819291589
-7048.073213821
-6782.544008368
-4922.515657008
-4625.495058907
-3091.793003252
-2469.173428554
-1193.066682083
-649.620829810
647.005272684
1293.060137990
2418.607708412
3325.006605270
4482.255880246
5369.952388720
6481.166416691
7555.281622459
8795.590671065
10384.997158249
-11049.350141439
-9883.263350697
-7860.201702775
-7265.191519063
-5573.966794869
-4985.565317711
-3436.942770166
-2649.149986794
-1298.369645019
-639.040275545
717.674613587
1356.859441571
2621.338621773
3559.739770228
4917.748637176
5647.102030614
7088.150757349
8079.092380833
9676.253920859
11200.659300535
-11551.942893213
-10289.111338566
-8532.238625345
-7696.623063164
-6004.322911166
-5283.428125009
-3725.380360680
-2836.070409807
-1391.216770888
-719.904747836
717.939597420
1426.412896219
2856.711036376
3738.564629582
5297.104387300
5989.607271410
7675.152756894
8281.444185475
10354.013782554
11538.052873584
-12054.674434130
-11051.205024022
-8573.627940675
-8050.359651999
-6246.857570485
-5549.571588659
-3812.403384140
-3014.881466726
-1480.621892643
-802.815732171
793.565543979
1537.655184157
2910.585050982
3940.539625205
5460.758766453
6342.833394653
7820.995777762
8941.224952255
10687.725701439
12417.218590993
-12417.218590993
-10687.725701439
-8941.224952255
-7820.995777762
-6342.833394653
-5460.758766453
-3940.539625205
-2910.585050982
-1537.655184157
-793.565543979
802.815732171
1480.621892643
3014.881466726
3812.403384140
5549.571588659
6246.857570485
8050.359651999
8573.627940675
11051.205024022
12054.674434130
-11538.052873584
-10354.013782554
-8281.444185475
-7675.152756894
-5989.607271410
-5297.104387300
-3738.564629582
-2856.711036376
-1426.412896219
-717.939597420
719.904747836
1391.216770888
2836.070409807
3725.380360680
5283.428125009
6004.322911166
7696.623063164
8532.238625345
10289.111338566
11551.942893213
-11200.659300535
-9676.253920859
-8079.092380833
-7088.150757349
-5647.102030614
-4917.748637176
-3559.739770228
-2621.338621773
-1356.859441571
-717.674613587
639.040275545
1298.369645019
2649.149986794
3436.942770166
4985.565317711
5573.966794869
7265.191519063
7860.201702775
9883.263350697
11049.350141439
-10384.997158249
-8795.590671065
-7555.281622459
-6481.166416691
-5369.952388720
-4482.255880246
-3325.006605270
-2418.607708412
-1293.060137990
-647.005272684
649.620829810
1193.066682083
2469.173428554
3091.793003252
4625.495058907
4922.515657008
6782.544008368
7048.073213821
9249.819291589
9786.748633714
-9098.564338629
-7761.749886169
-6389.807347277
-5846.349401757
-4663.613749979
-3994.976498742
-2920.186866665
-2214.074272115
-1112.976483825
-512.572097539
540.518031147
1081.357841617
2140.128783449
2853.671733674
4010.540580456
4428.385738487
5729.670481832
6241.135578398
7817.694745891
8539.608254205
