-10732.542829149
-12325.901966990
-12577.020022373
-14011.657109824
-13633.720474763
-14982.894699331
-14258.527066250
-15533.936615434
-14569.290725944
-15767.959666519
-14611.134693132
-15720.413757408
-14389.500769573
-15384.425033030
-13873.250269440
-14706.701483571
-12974.285969016
-13546.529730822
-11456.013291527
-11519.312781598
-8175.912176067
-7837.925120650
-6180.086575825
-5776.793195094
-4459.005948952
-3965.155070180
-2833.365247149
-2263.043559305
-1256.323664936
-612.881564042
302.574826203
1025.224624215
1870.686286507
2688.386674603
3476.884822237
4420.298466821
5160.160594577
6295.334528713
7025.047467314
8551.083129018
10732.542829149
12325.901966990
12577.020022373
14011.657109824
13633.720474763
14982.894699331
14258.527066250
15533.936615434
14569.290725944
15767.959666519
14611.134693132
15720.413757408
14389.500769573
15384.425033030
13873.250269440
14706.701483571
12974.285969016
13546.529730822
11456.013291527
11519.312781598
8175.912176067
7837.925120650
6180.086575825
5776.793195094
4459.005948952
3965.155070180
2833.365247149
2263.043559305
1256.323664936
612.881564042
-302.574826203
-1025.224624215
-1870.686286507
-2688.386674603
-3476.884822237
-4420.298466821
-5160.160594577
-6295.334528713
-7025.047467314
-8551.083129018
-12583.268497700
-13992.444544981
-14954.713723406
-16030.772416720
-16285.790479007
-17199.882332946
-17051.119935629
-17854.853673886
-17426.495227302
-18131.400680803
-17477.837956006
-18076.810294836
-17213.510111481
-17682.507562970
-16589.983748221
-16879.089191744
-15481.871178324
-15485.135144333
-13554.090886921
-13024.409716961
-9557.080158961
-9014.433606619
-7079.501452485
-6597.091046004
-4968.054095850
-4474.735894958
-3048.763817223
-2518.679478296
-1227.022602662
-645.373946518
559.361897861
1208.637224063
2363.707877671
3102.799697803
4243.845077995
5105.584938901
6280.925945243
7314.313396121
8622.254740032
9879.280239755
12583.268497700
13992.444544981
14954.713723406
16030.772416720
16285.790479007
17199.882332946
17051.119935629
17854.853673886
17426.495227302
18131.400680803
17477.837956006
18076.810294836
17213.510111481
17682.507562970
16589.983748221
16879.089191744
15481.871178324
15485.135144334
13554.090886921
13024.409716961
9557.080158961
9014.433606619
7079.501452485
6597.091046004
4968.054095850
4474.735894958
3048.763817223
2518.679478296
1227.022602662
645.373946518
-559.361897861
-1208.637224063
-2363.707877671
-3102.799697803
-4243.845077995
-5105.584938901
-6280.925945243
-7314.313396121
-8622.254740032
-9879.280239755
-13648.588786434
-14966.284617505
-16280.093437878
-17195.682606228
-17789.063943688
-18494.321150022
-18659.589194391
-19224.712265070
-19086.169692963
-19533.523821140
-19145.272139528
-19473.598652775
-18846.874967061
-19035.314375493
-18140.248473625
-18141.354956292
-16882.461563778
-16596.291614954
-14712.906842833
-13916.506448610
-10484.402217892
-9772.851146409
-7830.259801882
-7191.823471589
-5487.935245877
-4876.345211361
-3352.774707696
-2736.263111498
-1335.745502380
-690.884739634
636.638742274
1331.746905046
2631.789166134
3401.362540360
4720.354664355
5592.487049011
6985.957747114
7990.100737651
9530.806695770
10684.768641359
13648.588786434
14966.284617505
16280.093437878
17195.682606228
17789.063943688
18494.321150022
18659.589194391
19224.712265070
19086.169692963
19533.523821140
19145.272139528
19473.598652775
18846.874967061
19035.314375493
18140.248473625
18141.354956292
16882.461563778
16596.291614954
14712.906842833
13916.506448610
10484.402217892
9772.851146409
7830.259801882
7191.823471589
5487.935245877
4876.345211361
3352.774707696
2736.263111498
1335.745502380
690.884739634
-636.638742274
-1331.746905046
-2631.789166134
-3401.362540360
-4720.354664355
-5592.487049011
-6985.957747114
-7990.100737651
-9530.806695770
-10684.768641359
-14277.950590542
-15519.788069505
-17044.923133518
-17849.768173618
-18657.030854535
-19222.552304902
-19594.527827147
-19999.114341639
-20055.492019845
-20328.437867979
-20119.930102246
-20265.117621590
-19798.326840483
-19798.977352561
-19036.898481265
-18849.917320463
-17687.421792618
-17219.806136847
-15387.929198567
-14428.964469105
-11047.236787038
-10220.016659889
-8309.471624427
-7557.959437774
-5840.079982495
-5134.551494073
-3568.010160019
-2880.802506079
-1417.224397062
-723.430993521
685.986487674
1410.255914763
2813.519857874
3592.529425553
5038.334891741
5896.521198501
7436.183039617
8395.108327660
10081.432500007
11153.215812793
14277.950590542
15519.788069505
17044.923133518
17849.768173618
18657.030854535
19222.552304902
19594.527827147
19999.114341639
20055.492019845
20328.437867979
20119.930102246
20265.117621590
19798.326840483
19798.977352561
19036.898481265
18849.917320463
17687.421792618
17219.806136847
15387.929198567
14428.964469105
11047.236787038
10220.016659889
8309.471624427
7557.959437774
5840.079982495
5134.551494073
3568.010160019
2880.802506079
1417.224397062
723.430993521
-685.986487674
-1410.255914763
-2813.519857874
-3592.529425553
-5038.334891741
-5896.521198501
-7436.183039617
-8395.108327660
-10081.432500007
-11153.215812793
-14591.426525630
-15755.470167390
-17420.664329488
-18126.112053196
-19082.397013979
-19530.035887084
-20053.714507040
-20326.728659692
-20532.673394575
-20665.281403530
-20600.025687815
-20600.589687252
-20266.282916558
-20122.224133999
-19476.679466274
-19149.363806773
-18082.010032961
-17483.774307540
-15721.997868224
-14648.283339595
-11330.328593694
-10413.117505912
-8554.817449324
-7718.654865076
-6025.278912836
-5250.106511800
-3683.782302755
-2946.460047287
-1461.899376433
-738.447952443
712.132873785
1445.815553088
2910.647381968
3678.618952217
5205.780346048
6031.379332729
7667.649653112
8571.434414399
10358.688239232
11354.922577726
14591.426525630
15755.470167390
17420.664329488
18126.112053196
19082.397013979
19530.035887084
20053.714507040
20326.728659692
20532.673394575
20665.281403530
20600.025687815
20600.589687252
20266.282916558
20122.224133999
19476.679466274
19149.363806773
18082.010032961
17483.774307540
15721.997868224
14648.283339595
11330.328593694
10413.117505912
8554.817449324
7718.654865076
6025.278912836
5250.106511800
3683.782302755
2946.460047287
1461.899376433
738.447952443
-712.132873785
-1445.815553088
-2910.647381968
-3678.618952217
-5205.780346048
-6031.379332729
-7667.649653112
-8571.434414399
-10358.688239232
-11354.922577726
-14634.956151294
-15708.840283879
-17472.152855355
-18071.071911445
-19140.504991997
-19468.815545753
-20116.611243770
-20261.777924876
-20598.342657010
-20598.902436015
-20666.404631395
-20534.921517096
-20331.223105156
-20059.348356954
-19537.842557618
-19091.339594348
-18136.899987300
-17432.471821850
-15768.381130862
-14605.017706946
-11369.523443718
-10374.661157423
-8588.914599763
-7686.461041318
-6051.173294661
-5226.733436642
-3699.994969729
-2932.955652582
-1468.026655216
-735.040867184
716.119011796
1439.110339767
2924.724121635
3661.839318088
5229.701086500
6004.952898867
7700.328179310
8536.885417288
10397.512926491
11315.407968673
14634.956151294
15708.840283879
17472.152855355
18071.071911445
19140.504991997
19468.815545753
20116.611243770
20261.777924876
20598.342657010
20598.902436015
20666.404631395
20534.921517096
20331.223105156
20059.348356954
19537.842557618
19091.339594348
18136.899987300
17432.471821850
15768.381130862
14605.017706946
11369.523443718
10374.661157423
8588.914599763
7686.461041318
6051.173294661
5226.733436642
3699.994969729
2932.955652582
1468.026655216
735.040867184
-716.119011796
-1439.110339767
-2924.724121635
-3661.839318088
-5229.701086500
-6004.952898867
-7700.328179310
-8536.885417288
-10397.512926491
-11315.407968673
-14414.252723173
-15372.899172558
-17207.243510992
-17675.455155142
-18840.666517567
-19028.719610341
-19793.285164854
-19793.807186965
-20262.875661617
-20118.821309990
-20329.555972911
-20057.718340385
-20003.640549845
-19600.235936418
-19230.615659771
-18666.480579322
-17861.300442645
-17058.061092258
-15533.982686579
-14293.578426595
-11169.509548198
-10100.325648803
-8414.993784031
-7458.838349872
-5919.133012002
-5063.578239042
-3616.891716785
-2840.270003067
-1435.502353238
-713.371140657
698.061999350
1389.964060506
2856.055786032
3541.656105927
5111.251498408
5815.568593449
7537.055624085
8287.946992939
10202.454458604
11029.800844728
14414.252723173
15372.899172558
17207.243510992
17675.455155142
18840.666517567
19028.719610341
19793.285164854
19793.807186965
20262.875661617
20118.821309990
20329.555972911
20057.718340385
20003.640549845
19600.235936418
19230.615659771
18666.480579322
17861.300442645
17058.061092258
15533.982686579
14293.578426595
11169.509548198
10100.325648803
8414.993784031
7458.838349872
5919.133012002
5063.578239042
3616.891716785
2840.270003067
1435.502353238
713.371140657
-698.061999350
-1389.964060506
-2856.055786032
-3541.656105927
-5111.251498408
-5815.568593449
-7537.055624085
-8287.946992939
-10202.454458604
-11029.800844728
-13898.041613902
-14693.558207655
-16581.613003840
-16868.875946173
-18131.544417245
-18131.979251703
-19029.686668785
-18842.609880131
-19471.458983870
-19144.254877181
-19534.585745106
-19088.223924654
-19229.118562965
-18665.073514262
-18502.641848958
-17798.946036483
-17208.716151794
-16295.699808453
-14983.823634129
-13669.198774024
-10705.861806135
-9557.467904360
-8016.936075168
-7018.726539926
-5623.036301784
-4756.489509564
-3433.954502799
-2669.580939593
-1365.274861163
-675.069053961
657.231772426
1297.437722725
2703.256671237
3315.398677067
4844.961652920
5452.682855852
7163.525296099
7799.181375081
9749.647845663
10460.412707978
13898.041613902
14693.558207655
16581.613003840
16868.875946173
18131.544417245
18131.979251703
19029.686668785
18842.609880131
19471.458983870
19144.254877181
19534.585745106
19088.223924654
19229.118562965
18665.073514262
18502.641848958
17798.946036483
17208.716151794
16295.699808453
14983.823634129
13669.198774024
10705.861806135
9557.467904360
8016.936075168
7018.726539926
5623.036301784
4756.489509564
3433.954502799
2669.580939593
1365.274861163
675.069053961
-657.231772426
-1297.437722725
-2703.256671237
-3315.398677067
-4844.961652920
-5452.682855852
-7163.525296099
-7799.181375081
-9749.647845663
-10460.412707978
-12996.861063780
-13526.046298311
-15467.761194112
-15468.091729262
-16869.641264928
-16583.144326544
-17677.640894518
-17210.318874687
-18075.033855938
-17477.176482987
-18132.258131115
-17428.147630498
-17858.563943237
-17055.541267572
-17207.514382371
-16294.604655071
-16044.983322577
-14972.504152683
-14017.015450497
-12616.711761687
-9913.570561949
-8673.840929754
-7360.399552052
-6343.792628778
-5156.800386450
-4310.533599013
-3156.147848624
-2431.860067975
-1262.835142304
-628.022138324
591.067776032
1158.457721663
2464.946206658
2980.958041178
4422.599018279
4902.245478668
6548.766248362
7019.112467474
8975.277825065
9512.609079717
12996.861063780
13526.046298311
15467.761194112
15468.091729262
16869.641264928
16583.144326544
17677.640894518
17210.318874687
18075.033855938
17477.176482987
18132.258131115
17428.147630498
17858.563943237
17055.541267572
17207.514382371
16294.604655071
16044.983322577
14972.504152683
14017.015450497
12616.711761687
9913.570561949
8673.840929754
7360.399552052
6343.792628778
5156.800386450
4310.533599012
3156.147848624
2431.860067975
1262.835142304
628.022138324
-591.067776032
-1158.457721663
-2464.946206658
-2980.958041178
-4422.599018279
-4902.245478668
-6548.766248362
-7019.112467474
-8975.277825065
-9512.609079717
-11460.292319819
-11460.529826720
-13526.609009903
-12997.982833460
-14695.205507482
-13900.339181328
-15375.963605616
-14418.079697863
-15713.734914071
-14640.776201482
-15762.761294922
-14599.923625623
-15530.359368315
-14290.305767480
-14981.743812387
-13667.328726729
-14016.124825999
-12615.914926443
-12353.536353090
-10819.224194969
-8662.639185697
-7313.619233028
-6436.403315084
-5459.479307517
-4565.826845075
-3777.842107613
-2835.220916376
-2172.181324203
-1172.525428437
-604.253382269
465.522929227
954.679603110
2115.994885877
2531.995571688
3819.034873424
4158.388613198
5633.487111584
5882.145482389
7708.979269668
7908.992321253
11460.292319819
11460.529826720
13526.609009903
12997.982833460
14695.205507482
13900.339181328
15375.963605616
14418.079697863
15713.734914071
14640.776201482
15762.761294922
14599.923625623
15530.359368315
14290.305767480
14981.743812387
13667.328726729
14016.124825999
12615.914926443
12353.536353090
10819.224194969
8662.639185697
7313.619233028
6436.403315084
5459.479307517
4565.826845075
3777.842107613
2835.220916376
2172.181324203
1172.525428437
604.253382269
-465.522929227
-954.679603110
-2115.994885877
-2531.995571688
-3819.034873424
-4158.388613198
-5633.487111584
-5882.145482389
-7708.979269668
-7908.992321253
-8171.973759651
-7833.738624298
-6175.734701940
-5772.192927081
-4454.309359559
-3960.222240966
-2828.417021429
-2257.883120348
-1251.234538392
-607.614409637
307.684395908
1030.470283979
1875.694445821
2693.484095423
3481.676683884
4425.131134409
5164.636369924
6299.804622720
7029.129701085
8555.118766726
-9552.830920198
-9009.883754778
-7074.767394872
-6592.049587024
-4962.914720643
-4469.298776363
-3043.328444467
-2512.971768059
-1221.421576549
-639.539513275
564.986957885
1214.446152608
2369.213754893
3108.432553807
4249.096585709
5110.902944393
6285.805703023
7319.200101402
8626.672468668
9883.651379222
-10479.742020443
-9767.792445199
-7825.006206557
-7186.151207065
-5482.184956553
-4870.179982542
-3346.662586665
-2729.762355503
-1329.431546425
-684.227525657
642.981926357
1338.372650456
2637.987244574
3407.770603869
4726.242134777
5598.504000192
6991.389888227
7995.579681297
9535.672742993
10689.604556744
-11041.962239888
-10214.169078273
-8303.424457345
-7551.294536554
-5833.388332892
-5127.235903765
-3560.853327148
-2873.049890812
-1409.810439863
-715.476718383
693.437501696
1418.169738681
2820.786387716
3600.161862300
5045.203384246
5903.641925466
7442.462295570
8401.516126891
10086.974770892
11158.766292437
-11324.071504532
-10405.978807933
-8547.477195300
-7710.345258737
-6017.047627643
-5240.887009101
-3674.922205776
-2936.647018137
-1452.698607327
-728.366879283
721.382281078
1455.843174682
2919.653472255
3688.270409418
5214.252375170
6040.329243759
7675.312811188
8579.378044846
10365.321269269
11361.632441271
-11361.632441271
-10365.321269269
-8579.378044846
-7675.312811188
-6040.329243759
-5214.252375170
-3688.270409418
-2919.653472255
-1455.843174682
-721.382281078
728.366879283
1452.698607327
2936.647018137
3674.922205776
5240.887009101
6017.047627643
7710.345258737
8547.477195300
10405.978807933
11324.071504532
-11158.766292437
-10086.974770892
-8401.516126891
-7442.462295570
-5903.641925466
-5045.203384246
-3600.161862300
-2820.786387716
-1418.169738681
-693.437501696
715.476718383
1409.810439863
2873.049890812
3560.853327148
5127.235903765
5833.388332892
7551.294536554
8303.424457345
10214.169078273
11041.962239888
-10689.604556744
-9535.672742993
-7995.579681297
-6991.389888227
-5598.504000192
-4726.242134777
-3407.770603869
-2637.987244574
-1338.372650456
-642.981926357
684.227525657
1329.431546425
2729.762355503
3346.662586665
4870.179982542
5482.184956553
7186.151207065
7825.006206557
9767.792445199
10479.742020443
-9883.651379222
-8626.672468668
-7319.200101402
-6285.805703023
-5110.902944393
-4249.096585709
-3108.432553807
-2369.213754893
-1214.446152608
-564.986957885
639.539513275
1221.421576549
2512.971768059
3043.328444467
4469.298776363
4962.914720643
6592.049587024
7074.767394872
9009.883754778
9552.830920198
-8555.118766726
-7029.129701085
-6299.804622720
-5164.636369924
-4425.131134409
-3481.676683884
-2693.484095423
-1875.694445821
-1030.470283979
-307.684395908
607.614409637
1251.234538392
2257.883120348
2828.417021429
3960.222240966
4454.309359559
5772.192927081
6175.734701940
7833.738624298
8171.973759651
-7909.214003310
-7709.471532931
-5882.396629733
-5634.040304923
-4158.664536211
-3819.637302615
-2532.289630053
-2116.631037659
-954.983814381
-466.174873605
603.947702855
1171.876676704
2171.882960199
2834.594135796
3777.559346925
4565.239321567
5459.219314099
6435.869448760
7313.387418167
8662.169133878
-9513.663083171
-8976.740286018
-7020.315511327
-6550.421092571
-4903.573831878
-4424.409089138
-2982.377927869
-2466.862262819
-1159.928732420
-593.033335987
626.543737707
1260.879570383
2430.418467818
3154.261173830
4309.170665922
5155.037194458
6342.544747476
7358.805603248
8672.735526471
9912.177952780
-10462.587121674
-9752.411053217
-7801.685089102
-7166.677574896
-5455.462911057
-4848.426437790
-3318.379594623
-2706.933400924
-1300.530285455
-661.006980950
671.960373316
1361.519455286
2666.552489970
3430.336279799
4753.633327871
5619.665495441
7016.123637736
8013.906571463
9555.179689792
10703.239583761
-11033.449665671
-10206.939027902
-8292.194621647
-7542.223546842
-5820.315640023
-5116.962395216
-3546.762339943
-2862.129928104
-1395.268024764
-704.303186019
708.038742233
1429.294644439
2835.079339751
3610.917319880
5058.694483037
5913.584526998
7454.410771791
8410.040808905
10096.469553284
11165.273212919
-11320.998910001
-10404.304948382
-8543.488089650
-7708.256966437
-6012.386973566
-5238.512314267
-3669.858628709
-2934.110068269
-1447.445902870
-725.764178200
726.660210164
1458.433161932
2924.800733832
3690.765384061
5219.075110622
6042.623383311
7679.556887296
8581.341040112
10368.719107126
11363.147797466
-11363.147797466
-10368.719107126
-8581.341040112
-7679.556887296
-6042.623383311
-5219.075110622
-3690.765384061
-2924.800733832
-1458.433161932
-726.660210164
725.764178200
1447.445902870
2934.110068269
3669.858628709
5238.512314267
6012.386973566
7708.256966437
8543.488089650
10404.304948382
11320.998910001
-11165.273212919
-10096.469553284
-8410.040808905
-7454.410771791
-5913.584526998
-5058.694483037
-3610.917319880
-2835.079339751
-1429.294644439
-708.038742233
704.303186019
1395.268024764
2862.129928104
3546.762339943
5116.962395216
5820.315640023
7542.223546842
8292.194621647
10206.939027902
11033.449665671
-10703.239583761
-9555.179689792
-8013.906571463
-7016.123637736
-5619.665495441
-4753.633327871
-3430.336279799
-2666.552489970
-1361.519455286
-671.960373316
661.006980950
1300.530285455
2706.933400924
3318.379594623
4848.426437790
5455.462911057
7166.677574896
7801.685089102
9752.411053217
10462.587121674
-9912.177952780
-8672.735526471
-7358.805603248
-6342.544747476
-5155.037194458
-4309.170665922
-3154.261173830
-2430.418467818
-1260.879570383
-626.543737707
593.033335987
1159.928732420
2466.862262819
2982.377927869
4424.409089138
4903.573831878
6550.421092571
7020.315511327
8976.740286018
9513.663083171
-8662.169133878
-7313.387418167
-6435.869448760
-5459.219314099
-4565.239321567
-3777.559346925
-2834.594135796
-2171.882960199
-1171.876676704
-603.947702855
466.174873605
954.983814381
2116.631037659
2532.289630053
3819.637302615
4158.664536211
5634.040304923
5882.396629733
7709.471532931
7909.214003310
